3650  950
2650 900
4200 1350
3650 1250
2550 800
3000 950
4150 1500
4250 1250
3700 1250
4400 1500
3800 1400
3500 1100
3800 1350
4050 1450
3550 1000
4000 1300
2800 850
3400 1000
2950 800
3200 1000
2800 950
2750 1000
4400 1550
4150 1350
4800 1650
4400 1400
4500 1850
4450 1400
4750 1800
4250 1400
4700 1650
5600 1650
5250 1650
5500 1750
5500 2000
3550 1050
4750 1550
3550 1050
4450 1350
2900 900
3350 1050
4250 1350
1750 450
1500 550
1500 500
2950 950
3700 1200
3750 1200
2450 700
4250 1600
4100 1200
3200 950
3600 1300
3600 1200
3100 1000
4000 1400
3500 1200
3850 1350
1900 600
4000 1250
3449 1050
4050 1100
4100 1300
3250 950
4000 1200
3550 1200
4400 1600
4950 1850
3900 1200
2350 700
4250 1300
3200 1100
4750 1700
4800 1750
4500 1950
4750 1500
4750 1400
4700 1500
4250 1400
4750 1700
4450 1400
5100 1750
4250 1650
4750 1600
4500 1400
4650 1800
4650 1400
4400 1600
3550 1300
4500 1600
4250 1350
4400 1500
4650 1750
4950 1650
5600 1900
5350 1950
4350 1500
3750 1300
3700 1300
3750 1250
2650 950
4350 1450
4350 1600
4150 1400
4700 1600
4100 1550
4300 1650
4000 1250
3900 1350
3950 1050
3950 1250
3600 1050
3200 800
3500 1050
4100 1250
4150 1150
3750 1350
3400 1050
4300 1500
3050 850
3650 1050
2950 850
4250 1400
2650 750
2800 800
1950 600
2750 900
2900 850
5350 1600
5400 1650
4800 1650
3500 1250
2600 900
2600 950
2000 650
3300 1150
2300 800
2550 900
3250 1100
2849 950
4450 1550
4500 1450
5200 1900
4550 1550
3750 1300
3800 1250
3500 1200
2050 800
1300 550
1300 950
4750 1450
5000 1850
5150 1900
4850 1600
4500 1350
4050 1300
4600 1900
4850 2150
4550 1700
4600 1650
4650 1650
4850 1600
4850 1750
5600 2100
5450 2300
5699 1900
5750 1750
5699 2050
5600 2200
5150 1750
5500 2150
3950 1450
4350 1550
4050 1150
1600 400
2600 900
2100 600
2450 850
1600 450
4750 1500
4800 1800
5100 1750
4500 1600
4750 1750
5100 2000
4900 1900
4800 1500
5000 1850
4800 1600
4600 1700
4800 1800
4850 1700
4500 1500
2750 850
4000 1400
4050 1550
4100 1500
5000 1850
4500 1600
4600 1850
3449 1200
4000 1650
4000 1450
4350 1700
3350 1150
3400 1400
3000 1100
3400 1100
4150 1700
2800 950
3650 1450
2500 900
3250 1050
4050 1400
3950 1600
4050 1400
3500 1300
3000 1200
3600 1350
3050 1300
3250 1250
3500 1450
3750 1500
3550 1500
3800 1050
3700 1350
2900 1250
2700 850
4650 1650
4150 1600
4450 1350
4400 1750
5050 2150
2150 750
3500 1350
2250 800
550 100
1000 300
900 300
1200 350
4250 1600
2000 700
1750 650
2300 800
2550 850
2600 850
2450 800
2750 850
2450 750
2700 1100
2500 1050
4700 1800
4550 1550
4600 1850
4950 1650
4500 1750
4500 1850
4600 1600
5050 1700
4750 1600
4750 1550
4400 1250
4200 1650
1950 600
2000 800
3800 1300
4500 1500
2750 1100
3900 1500
3600 1250
5250 2150
5000 2000
4850 2050
5050 2250
5150 1550
5400 2150
5300 1850
5000 2400
5250 2050
4250 1350
4150 1850
2849 1050
3550 1200
3950 1400
3800 1750
4150 1700
4350 1550
4000 1550
3550 1250
4350 1600
4350 1800
5050 2100
4750 1650
4550 1750
4950 1950
2150 850
2050 750
2100 850
3950 1400
2800 1050
3050 950
4350 1750
2800 1000
2700 1000
3600 1300
1450 600
1200 300
5150 2400
4100 1250
4350 1450
4850 1900
4400 1400
4550 1950
4700 2000
4850 1750
3550 1100
5350 1900
3500 1000
4550 1550
2550 950
2100 600
1450 400
3100 1000
2050 700
2650 1050
2750 900
2550 1000
4000 1300
2950 1050
2800 900
3800 1550
3250 1200
2200 800
1750 400
6000 1950
4650 1900
4750 1900
4500 1850
4750 1850
4500 1950
4550 1450
5100 2050
4650 1850
3750 1800
4250 1550
3900 1400
4200 1600
2600 800
3050 1150
4800 1500
4950 1850
4500 1700
4600 1400
4550 1700
5150 1700
5800 2050
5250 1850
5250 1900
5850 2150
5450 1800
4900 1800
4650 1500
5250 1750
4800 1500
5000 1750
5150 1600
4650 1450
4550 1200
4900 1800
5600 2150
5450 1650
5649 1950
5800 2000
5750 1700
5200 1500
5450 1950
4900 1900
4500 1600
4650 1750
4950 1850
4700 1800
4200 1450
4000 1350
3750 1200
4250 1350
3700 1050
4200 1550
3800 1350
4200 1250
3750 1200
3250 1000
3750 1250
3750 1250
2950 950
2750 950
3100 1000
3950 1400
3800 1450
4400 1500
4550 1500
3650 1200
4550 1350
3250 1100
4150 1400
3449 1200
4400 1500
3550 1150
4850 1200
4500 1450
4400 950
5000 1650
4750 1200
4600 1200
4400 1200
4950 1700
4700 1400
5000 1700
5150 1650
5000 1550
4100 1400
5400 1650
3800 1200
3900 1350
2250 700
2000 700
4500 1750
4850 1650
5000 1600
4550 1250
4500 1700
4500 1750
4700 1550
4550 1700
4200 1400
3449 1000
4100 1500
2750 950
3050 950
3000 900
4150 1650
2750 1100
2600 1000
4250 1400
2950 1000
3250 1050
4550 1900
4350 1850
4550 1850
5000 1750
4550 1500
5649 2150
5350 1600
5550 1950
4900 1550
5500 1750
4700 1400
5400 1750
2800 1050
3100 1100
4100 1350
2849 1000
4650 1700
1850 700
1650 550
1950 700
1250 500
5500 1900
5300 1950
5500 2100
5550 2000
4400 1350
4050 1200
3400 1200
4050 1200
4150 1600
4150 1750
3500 1150
5400 1750
5900 2250
5450 1850
5850 1850
4000 1550
4650 1250
4600 1500
4800 1450
4650 1400
4500 1300
5150 1500
4200 1350
4550 1650
4550 1450
4600 1300
5100 1550
5300 1750
5000 1950
5000 1500
5200 1750
4850 1650
5250 1550
4500 1750
4400 1800
5200 2250
4700 2250
5050 1900
4850 1900
4700 1750
4600 2350
4550 2250
4350 1800
4450 1550
5300 1850
3500 1400
3800 1450
2200 850
1950 700
1950 800
2900 1150
2000 800
2300 900
2500 900
1500 500
2700 900
2600 1150
1400 550
1600 600
1250 400
1100 400
4450 1550
4500 1600
3000 950
4200 1850
3550 1300
3700 1200
3350 1100
3700 1400
3800 1300
4050 1400
2300 750
2050 700
2900 1150
3750 1400
3550 1150
3250 1150
3500 1150
2900 1050
2450 750
1950 650
1550 450
4500 1600
4250 1800
5150 1600
4900 1550
4400 1650
3700 1200
3900 1250
3850 1500
4050 1500
5000 1650
5300 1700
4000 1450
3400 1050
4000 1200
3500 1150
4150 1500
3550 1300
2550 650
3550 1300
3300 1250
2100 800
3200 1150
3500 1400
3449 1350
4550 1550
4400 1400
4750 1500
4750 1400
4250 1400
4350 1750
4450 1500
4800 1750
4900 1750
4250 1500
5250 1900
3550 1400
3050 1000
3900 1250
4250 1700
4100 1450
3350 1400
3100 1200
4000 1500
2900 1150
4100 1750
5200 1800
4200 1500
4550 1800
4300 1400
4700 1400
4950 1450
4450 1950
4200 1450
3150 1100
3000 1000
3449 1150
3900 1400
3449 1250
2700 900
3700 1300
2849 1000
2650 900
3449 1700
1450 500
2400 750
3700 1250
3500 1450
3449 1350
3550 1400
2400 850
2250 750
1700 550
2550 800
3800 1400
3850 1150
3850 1050
3600 1050
4050 1600
3350 950
3050 950
4150 1450
2650 850
3650 1150
3400 1200
3650 1250
3600 1300
2950 1000
2650 900
2350 1000
2600 850
3449 1200
4000 1300
2400 850
4850 1800
4500 1600
2550 950
3400 1300
3300 1200
2150 750
3750 1450
3500 1200
3600 1250
1800 650
2450 900
3500 1300
2250 800
2800 1100
2150 750
4350 1650
5150 1700
4900 1950
4750 1850
5250 1800
4500 1700
3400 1300
3050 1050
3550 1200
2950 950
3500 1200
3800 1500
4250 1550
3500 1450
3850 1450
3800 1550
4100 1650
3900 1500
3850 1500
3950 1800
4150 1450
3750 1150
3800 1650
2750 1000
2750 1000
3700 1400
3250 1150
4050 1850
4000 1400
4400 1850
4000 1500
4050 1250
4000 1700
4400 1500
3750 1500
1900 750
3250 1150
2900 1200
1100 200
2300 900
1050 500
2050 1000
3350 1200
3150 1050
2849 1050
3850 1350
3300 1050
2950 1150
3000 1250
3250 1400
2500 900
2600 900
2950 1300
2250 900
2500 800
3000 1000
2050 550
2650 850
2550 800
2000 650
2050 700
1900 600
1250 350
1000 250
1100 250
4550 1600
4400 1500
4100 1300
3600 800
3600 1100
3050 850
3750 1050
4000 1250
4000 1200
4000 1300
4200 1300
4000 1200
3800 1300
4250 1200
3900 1250
3850 1150
4050 1250
4100 1350
3449 900
4400 2050
2650 900
4200 1500
4050 1400
4150 1300
4200 1300
5200 2000
3850 1400
4200 1300
5150 1750
3900 1050
3550 1200
4600 1700
4550 1650
5150 1750
5050 1850
5250 1550
4950 1900
4400 1550
4300 1200
4050 1500
4400 1550
4400 1350
5100 1900
4700 1450
4500 1500
4450 1300
2700 950
4300 1550
4250 1700
4550 1650
3750 1400
2750 1150
3400 1350
3800 1400
4100 1650
3850 1450
3800 1400
3500 1400
3600 1450
4100 1650
3850 1500
4350 1450
2800 1250
1550 600
4150 1750
3900 1300
3850 1350
3900 1600
4650 1650
4650 1600
3750 1350
3700 1800
4500 1650
4650 1600
4050 1450
4100 1550
3350 1100
4200 1600
3449 1100
3400 1350
3350 1250
3300 1300
2750 1000
3800 1350
3050 1200
2050 700
4000 1250
3400 1300
4100 1150
4050 1400
3650 1300
1750 550
1850 600
2400 850
2500 800
2500 800
2700 900
2500 700
3000 850
2750 1350
2750 1400
2750 950
2900 950
3000 1000
2900 950
2900 950
3100 1000
3250 1000
3200 1100
3050 1000
3250 1000
3650 1150
3350 1000
3250 1000
3500 1300
3750 1200
3650 1250
3650 1350
3550 1050
3850 1250
4100 1250
4000 1250
4400 1400
3950 1300
4050 1250
4200 1400
4400 1350
4300 1250
4500 1500
4500 1500
4350 1450
4500 1550
4550 1500
4350 1300
4650 1400
4750 1650
4600 1300
4800 1500
4800 1600
4750 1600
4650 1400
4750 1750
4750 1550
4950 1750
4750 1750
4550 1600
5000 1750
5200 1500
5100 1500
5050 1650
5050 1600
5000 1650
4900 1550
4900 2000
5050 1650
5100 1700
5000 1500
4850 1650
5100 1650
5250 1750
5200 1650
5800 2050
5300 1700
5200 1900
5850 1600
5250 1700
5250 1550
5600 1950
5400 1600
5600 2200
5950 2300
1400 500
1750 550
1750 650
1900 500
1800 550
1950 600
1200 750
2300 800
2350 800
2300 950
2200 700
2350 750
2300 700
2400 900
2400 750
2650 850
2500 750
2500 750
2500 750
2500 700
2650 1000
2900 950
2800 950
2800 900
2650 800
3100 900
3050 900
3100 900
3300 900
3200 1150
3150 1000
3400 1000
3150 1000
3250 1000
3250 900
3250 1200
3400 1150
3449 1300
3250 900
3350 1100
3500 1300
3600 1300
3550 1050
3449 1100
3350 1050
3550 1250
3750 1200
3600 1000
3449 1050
3650 1150
3700 1150
3449 1100
3500 1250
3650 1200
3650 1200
3700 1250
3600 1200
3750 1150
3850 1450
3600 1000
3650 1200
3700 1150
3850 1250
3950 1350
4000 1350
3900 1350
3850 1200
3850 1350
4000 1250
3900 1300
3900 1500
4100 1250
3550 1250
3900 1350
3750 1000
4050 1350
4050 1500
4100 1450
4300 1400
3900 1550
4150 1400
4000 1400
4250 1300
4250 1500
4050 1250
4000 1350
4300 1400
4350 1400
4450 1550
4300 1400
4550 1600
4000 1300
4500 1550
4500 1550
4550 1500
4450 1400
4600 1700
4750 1600
4600 1600
4600 1500
4600 1800
4550 1500
4500 1450
4900 1300
4650 1550
4700 1600
4550 1450
4700 1550
4500 1500
4750 1650
4600 1400
4550 1500
4900 1500
4750 1550
4700 1650
4700 1500
4750 1550
4800 1600
5100 1800
4800 1700
4900 1750
4750 1750
5000 1650
4850 2000
4850 1550
4950 1650
4800 1500
4900 1750
5250 1850
5050 1550
5000 1700
5000 1750
5000 1550
5200 1750
5200 1750
5050 1650
5000 1750
5000 1600
5150 1500
4950 1600
5200 2100
5250 1850
4600 1600
5100 1750
5050 1850
5350 1900
4950 1950
4750 1800
5250 1650
5699 2250
5649 1950
5350 1850
5250 1750
5050 2000
5350 1750
5350 1800
5649 2050
5649 1750
5250 1850
6000 2200
6000 2200
1300 450
1500 450
1350 400
1550 400
1650 550
1800 650
1800 650
1950 550
1950 650
2100 850
2200 650
2200 800
2350 550
2250 850
2650 800
2800 1000
2800 800
2750 1000
2900 800
3200 950
3000 1100
3000 1000
3250 1000
3000 1050
3200 1100
3100 950
3250 1150
3350 1200
3300 1100
3449 1150
3300 1100
3449 1050
3400 1450
3350 1100
3650 1250
3400 1200
3300 1050
3300 1000
3300 1100
3500 1150
3600 1050
3800 1250
3500 1100
3500 1000
3800 1250
4650 1250
3750 1400
3750 1200
3800 1250
3900 1250
3900 1250
4050 1250
4000 1250
4000 1250
3800 1150
3850 1250
4000 1450
3800 1350
3800 1250
4600 1500
4000 1300
4000 1400
4050 1200
3950 1200
4000 1250
3900 1250
4200 1400
3900 1350
4100 1200
4150 1400
4150 1350
4300 1500
4250 1500
4300 1450
4450 1600
4400 1550
4150 1450
4550 1500
4350 1500
4500 1750
4600 1500
4450 1450
4400 1500
4600 1450
4500 1600
4350 1400
4700 1650
4550 1350
4350 1300
4450 1700
4450 1450
4550 1500
4550 1950
4450 1350
4500 1400
4500 1450
4500 1550
4600 1450
4650 1600
4700 1500
4750 1600
4550 1700
4650 1500
4650 1550
4700 1650
4750 1400
4800 1700
4750 1650
4850 1600
4850 1450
4700 1650
4600 1700
4650 1500
4750 1550
4700 1350
4500 2000
4800 1600
4850 1750
4800 1850
4700 1550
5000 1750
4950 150
5150 1650
5300 1950
4800 1700
5000 1900
5000 1550
5150 1600
5100 1750
5300 1850
5250 1600
5000 1700
5050 2050
5400 2150
5200 1650
5400 1550
5300 2100
5300 1700
5600 1850
5649 1800
5750 1900
5250 1900
5500 1700
5600 1800
5500 1900
5350 1900
5800 1950
5500 2000
5649 1450
5050 1850
5750 1850
5850 1850
5649 2150
5699 2100
6250 2100
5800 2050
6300 2150
3750 1200
2050 600
1850 650
1900 650
1950 900
2150 650
2250 700
2300 800
2300 700
2250 750
2500 950
2050 950
2450 900
2500 900
2550 950
2550 850
2700 750
2550 900
2700 850
2700 850
2700 850
2650 850
2900 900
2800 850
2900 950
2900 850
2750 900
2750 950
2800 800
2700 850
2750 1100
2700 800
2900 900
2800 850
3000 950
2800 900
3000 950
3050 1050
2950 950
2700 1000
2900 1000
2849 900
3350 1100
3050 900
3250 1100
3200 1000
3100 900
3400 0
3150 950
3150 1100
3400 1200
3300 1050
3449 1050
3650 1150
3300 1000
3600 1050
3500 1050
3650 1250
3400 1100
3650 1000
3550 1800
3550 1200
3550 1000
3800 1200
3600 1100
3700 1250
3550 1150
3650 1000
3550 1200
3800 1300
3950 1200
3800 1350
4200 1350
3750 1450
4100 1400
3750 1250
3950 1400
4050 1300
3800 1200
3950 1050
3800 1200
4200 1350
4000 1350
4000 1300
3950 1250
4000 1250
4200 1550
4150 1300
4200 1550
4150 1100
4250 1300
4000 1350
4150 1500
4100 1300
4350 1500
4200 1450
4200 1400
4350 1350
4450 1500
4300 1500
4050 1350
4300 1450
4050 1250
4300 1500
4350 1400
4250 1350
4400 1400
4300 1550
4300 1400
4250 1450
4250 1350
4250 1450
4450 1550
4550 1450
4400 1750
4500 1450
4450 1500
3900 1250
4500 1450
4500 1350
4600 1350
4350 1700
4400 1300
4350 1250
4200 1350
4800 1650
4600 1550
4600 1550
4550 1350
4450 1500
4650 1550
4900 1850
4750 1600
4600 1650
4700 1650
4750 1500
4500 1800
4450 1350
4700 1800
4550 1550
4650 1500
4650 1550
4750 1700
4800 1550
4750 1500
4650 1550
4550 1450
4600 1550
4850 1500
4900 1400
4350 1300
4750 1750
4700 1600
4500 1500
4800 1650
4750 1700
4650 1500
4800 1700
4600 1600
4750 1550
4700 1650
5000 1700
4750 1650
4750 1700
4800 1750
4750 1550
5100 1750
4950 1800
5000 1500
4750 1600
4550 1700
5050 1750
5150 1600
4800 1550
4850 1700
5050 1800
4850 1450
4750 1450
4950 1600
4900 1600
5000 1650
4950 1750
4750 1700
5100 1550
5649 2300
5250 1800
5100 1600
5000 1950
5250 1600
5050 1650
5900 2200
5250 1750
5100 1900
5100 1700
5250 1900
5350 2050
5200 1900
4900 1750
4950 2100
5150 1700
5300 1800
5300 2250
5050 1750
5450 1850
5450 2050
5649 1900
5450 1300
5649 5150
5550 2150
5699 1800
5500 1700
5750 1700
5750 2150
6000 2000
5800 1900
5649 2050
5699 2150
6100 2350
6500 2500
1050 350
1650 600
2650 1350
2550 800
2700 950
2800 850
3000 900
2950 900
2900 1100
3000 900
3100 950
2900 900
3000 1050
3200 950
3150 1150
3400 1050
3400 1050
3400 1050
3200 1200
3650 1100
3350 1250
3350 1350
3550 1100
3449 1400
3500 1250
3550 1200
3700 1250
3650 1150
3650 1150
3600 1250
3800 1200
3900 850
3700 1300
3800 1200
3850 1050
3800 1350
3950 1250
4250 1450
4000 1250
4000 1250
4000 1400
4300 1300
4000 1250
4100 1400
4300 1400
4250 1600
4300 1500
4350 1500
4450 1500
4650 1500
4600 1650
4600 1750
4350 1400
4550 1500
4400 1500
4650 1500
4600 1450
4550 1600
4550 1550
4650 2000
4850 1650
4850 1600
5150 1700
4850 1700
4750 1300
4850 1550
4350 1550
4800 1650
5200 1750
4700 1800
4700 1450
5000 1750
4550 1500
4800 1500
4900 2250
5050 1450
5100 1850
5150 2050
5150 1750
5100 1550
5050 1650
5450 1750
5150 1750
5000 1600
4850 1400
5400 2150
5100 2150
5050 1650
5150 1800
5450 2000
5100 1750
5000 1900
5000 1850
5150 1700
5250 2000
5500 1700
5550 2000
5600 1650
5649 2000
5750 2400
5699 1800
5500 1800
1700 450
2100 550
2150 700
2300 850
2250 900
2550 800
2600 750
2700 750
2600 900
2700 950
2750 750
2650 750
2700 850
2700 950
2800 800
2849 950
2900 1000
2900 900
2800 950
3000 900
3000 900
2849 1000
2900 1000
3000 900
3000 900
3250 1000
3250 1100
3150 800
3350 1000
3250 1100
3400 950
3350 1100
3600 1150
3500 1100
3550 1100
3700 1200
3449 1100
3550 1250
3600 1450
3600 1000
3600 1250
3700 1250
3700 1200
3550 1600
3750 1300
3750 1150
4000 1350
3700 1250
4000 1050
4000 1200
3900 1200
3750 1400
3950 1300
3750 1100
3600 1250
3500 1050
3950 1250
3900 1250
4100 1450
3900 1300
4150 1450
3900 1200
3800 1350
4000 1400
4000 1550
4200 1200
4300 1350
4000 1450
4200 1300
4000 1300
4300 1700
4250 1400
4300 1400
4550 1400
4200 1400
4250 1300
4250 1350
4000 1300
3750 1200
4200 1250
4350 1400
4250 1500
4200 1350
4150 1450
4250 1500
3950 1300
4350 1400
4600 1450
4450 1500
4400 1300
4250 1350
4200 1550
4400 1500
4400 1250
4300 1500
4500 1350
4500 1400
4350 1700
4300 1450
4450 1550
4450 1450
4550 1650
4250 1350
4700 1550
4500 1250
4700 1850
4650 1950
4450 1700
4500 1350
4350 1500
4450 1600
4400 1600
4350 1500
4600 1550
4300 1300
4450 1250
4450 1400
4900 1650
4500 1450
4600 1450
4350 1500
4500 1400
4500 1450
4600 1500
4600 1550
4750 1500
4800 1650
4800 1700
4800 1800
4700 1650
4700 1600
4550 1450
4750 1450
4700 1450
4800 1400
4700 1550
5050 1800
4750 1550
4650 1600
4850 1500
4700 1600
4750 1600
4650 1250
4700 1700
4850 1800
4700 1600
4750 1750
4850 1800
5150 1550
5150 1750
5400 1650
4900 1600
4800 1800
4700 1400
4500 1350
4800 1500
4800 1750
4900 1650
4750 1600
5000 1700
4700 1550
4850 1750
4850 1500
5050 1700
5000 1800
4900 1700
4850 1650
4950 1750
5000 1650
5000 1700
4900 1750
4900 1700
5050 1650
5150 1800
5250 1850
5050 1500
5000 1750
5000 1900
5100 1900
5100 1950
5100 1600
5100 1600
5000 1750
5100 1900
4850 1500
4800 1900
4950 1550
5050 1900
5250 1850
5100 1600
5500 1800
5100 1500
5050 1900
5050 1950
5000 1650
5350 1750
5300 1950
5100 1650
5250 1750
5050 1600
5050 1600
5200 1750
5000 1750
5050 1600
5200 1650
5200 1900
5500 1550
5400 1950
5250 1600
5100 1950
5200 1950
5100 2000
5200 1500
5649 1750
5500 2000
5649 1750
5350 1750
5450 1700
5750 2150
5699 1950
5400 2050
5600 2200
5699 2000
5500 2050
5250 1800
5649 2100
5600 1900
5900 2150
5649 2050
5649 2150
5950 2050
6200 1950
6300 2500
1750 900
2450 1000
2700 1350
2800 1250
3000 1200
3200 1200
3350 1050
3250 1350
3449 1100
3250 1400
3600 1150
3650 1050
3700 1550
3449 1600
3550 1600
3700 1500
3500 1550
3950 1350
3650 1700
3800 1250
4100 1400
4250 1350
3850 1800
4200 1650
4150 2000
3850 1500
3800 1650
4200 1600
4550 1750
4400 1850
4500 1300
4300 1700
4550 1450
4500 1500
4950 1750
4650 1650
4750 1750
4750 1500
4750 1500
4550 1450
4700 1450
4950 1750
4900 1850
4950 1950
4750 1500
4750 1400
5000 1600
5250 1900
4850 1600
5200 2000
5450 1900
5150 1850
5300 1750
5350 1750
5500 1850
5300 1900
5450 1800
5500 1950
5600 1800
5750 2100
1350 400
1800 550
2150 750
2600 850
2650 800
2700 850
2750 850
2700 750
3100 1050
3000 900
3150 950
3350 1050
3100 900
3100 1000
3100 950
3250 1000
3400 1000
3350 1000
3300 1100
3300 1050
3449 1200
3300 1100
3700 1100
3750 1200
3400 1050
3850 1300
3600 1200
3700 1150
3800 1350
3800 1450
3750 1400
3800 1100
4050 1300
4000 1450
4000 1200
4150 1350
4200 1500
3850 1100
4100 1100
4150 1400
3950 1250
3800 1150
3850 1150
4150 1200
4050 1450
4000 1450
4300 1400
4300 1600
3950 1300
4050 1200
4550 1400
4250 1600
3950 1350
3900 1250
4250 1400
4300 1400
4350 1400
4500 1300
4350 1400
4100 1250
4000 1300
4500 1750
4550 1350
4450 1650
4450 1250
4150 1250
4550 1550
4350 1450
4500 1600
4600 1550
4600 1550
4550 1550
4400 1750
4150 1300
4400 1200
4500 1300
4500 1550
4350 1350
4550 1550
4450 1450
4650 1750
4500 1350
4500 1350
4300 1550
4750 1450
4500 1950
5000 1650
4400 1500
4400 1450
4400 1600
4550 1500
4700 1350
4600 1700
4750 1500
4650 1600
4900 1650
4550 1450
4700 1800
4800 1400
4600 1450
4600 1550
4700 1650
4700 1450
4700 1500
4950 1600
4950 2000
4900 1600
4900 1500
4950 1700
4950 1950
4700 1500
4850 1550
4950 1550
5150 1700
5050 1850
4450 1600
5200 1800
4700 1450
4900 1550
4850 1650
5200 1650
5050 1550
5250 1600
5000 1650
5150 1650
5300 1650
4800 1450
5150 1650
4900 1350
4900 1550
4850 1850
5100 1800
4900 1750
5200 2100
5200 1500
5100 1550
5100 1850
5150 1800
5250 1750
5200 1700
5350 2050
5100 1750
5000 1500
5150 2000
5250 1800
5300 2050
5150 1500
5100 1850
5400 1900
5400 1550
5350 1550
5500 1800
5450 1850
5750 2050
5500 1750
5500 1950
5350 2200
5750 1800
5649 1900
5699 2050
5500 1950
6050 2150
1300 400
1100 250
1500 550
2100 750
2000 650
2150 600
2100 700
2100 600
2100 650
2400 700
2500 700
2500 800
2350 800
2500 700
2700 1050
2700 850
2700 850
2800 800
2750 850
2900 950
2500 900
3250 1100
3150 950
3200 1100
3250 1200
3300 1050
3500 1100
3650 1350
3750 1050
3650 1200
3900 1200
3950 1350
3850 1150
4550 1350
4000 1400
4100 1300
4300 1500
4050 1300
4400 1400
4700 1500
4100 1600
4450 1450
4350 1500
4600 1600
4650 1650
4500 1400
4450 1400
4900 1600
5150 1800
5150 1950
1900 600
1950 650
2150 800
2150 700
2550 850
2400 700
2800 1000
2950 1000
3050 1600
3100 900
3050 1200
3150 1150
3050 1150
3200 1200
3500 1300
3550 11299
3449 1200
3449 1100
3600 1100
3550 900
3800 1400
3500 1350
3900 1350
3700 1100
3900 1350
3800 1400
3850 1300
3850 1000
4200 1250
4200 1300
3850 1400
4200 1300
4300 1600
4100 1300
4200 1150
4400 1350
4500 1200
4350 1500
4850 1500
4650 1500
4700 1900
4300 1400
4800 1650
4900 1600
4950 1500
5000 1400
5250 2100
5500 2000
5400 1950
5699 1850
5000 1500
5850 2200
5750 2150
5550 1800
5699 2200
3900 1150
4250 1300
3850 1150
3050 900
3000 1000
3900 1450
3300 800
3500 1000
3100 1150
2900 1000
3800 1550
3100 1100
2900 1000
3850 1250
4800 1850
4550 1550
5500 1800
5350 2250
4900 1700
2500 550
3550 800
4050 1300
2900 900
950 350
1300 450
2250 500
2900 800
3800 1200
3700 1250
3250 1000
3600 1100
3500 1200
2100 750
2950 950
3750 1150
4000 1250
3100 1000
5100 1750
4700 1500
4550 1400
2400 800
4100 1250
3500 1100
3300 1150
4250 1000
4250 1250
4550 1750
4650 1800
5300 2050
3600 1250
2400 750
3500 1100
3700 1050
3500 1050
3250 1150
3500 1200
3750 1350
3100 900
1950 700
3550 1100
5850 1900
3000 1150
2000 750
4400 1350
4600 1650
5000 1650
4950 1750
4200 1950
5100 2000
5500 2000
5649 2400
5649 1950
4700 1500
3050 900
4500 1600
2800 850
2750 850
2350 850
1150 150
2100 750
1300 300
1500 300
4650 1250
5000 1700
4500 1850
4500 1700
4500 2350
4800 2000
4700 2500
4200 1650
4200 1650
4300 1600
4000 1550
2350 800
3400 1200
4000 1250
3850 1350
3700 1350
3700 1400
4700 1650
4950 1850
4850 1650
1700 550
3250 1100
2150 800
2800 900
3050 1050
1900 800
5500 2000
5150 1950
4900 2150
4050 1600
4800 1900
3449 1050
2200 800
2250 750
3400 1150
5250 2150
4650 1800
5050 2000
4700 1950
4950 2350
5100 2300
3250 1200
3500 1400
2600 800
4150 1300
3900 1500
3750 1450
4600 1450
4650 1750
5250 1950
4550 1800
4250 1450
4750 1550
2800 1100
2000 750
3900 1750
2800 950
4300 1650
4000 1650
4450 1800
4750 1700
4500 1650
4800 1750
4350 1850
4650 1900
3350 1100
3600 1150
3150 1250
3200 1200
3800 1350
3600 1300
2800 1000
3750 1400
3250 1100
3650 1200
2700 900
4550 1650
5900 2000
4850 1750
4600 1700
5000 2000
4950 1800
3950 1450
3800 1350
4150 1650
3350 1150
4650 1600
4600 1750
4300 1600
4550 1600
5100 1500
4500 1600
5750 2150
5100 1750
4800 1750
4450 1750
4500 1600
4750 1800
4100 1700
5100 2100
5200 1500
5699 2000
5250 1850
4800 2300
4750 1800
4050 1300
4050 1350
3750 1300
4150 1400
3850 1300
3449 1200
3150 1050
3300 1000
3950 1500
3050 1050
2650 900
4750 1550
2700 1000
3750 1200
3000 900
2600 900
4250 1200
4150 1450
4500 1350
3600 1200
3250 1000
3850 1250
4050 1300
4250 1500
3750 1300
4550 1200
4900 1350
4150 1350
5000 1650
3750 1350
3550 1300
3750 1300
3500 1100
2650 1100
2400 700
4700 1450
4750 1350
4350 1500
4350 1550
4200 1400
3850 1350
3950 1450
3100 1000
3950 1350
4350 1350
3250 1050
5350 1900
3050 1050
3449 1150
3950 1350
4250 1450
3900 1450
3449 1150
4600 1550
4200 1350
5500 2200
6300 1950
4900 1500
4800 1750
4550 1650
4850 1950
5200 2000
4700 1700
2400 900
1850 700
1250 550
5500 1700
5649 1950
4300 1250
4000 1300
4300 1650
3600 1050
4350 1700
4750 1600
5300 1900
5600 1750
4950 1500
4400 1350
4700 1500
4550 1250
4850 2100
5250 2000
4400 1750
4500 1550
5250 2050
4750 1950
4700 2000
5050 1650
5699 2300
5450 1600
5950 2250
4400 1700
3250 1150
1250 500
3250 1100
4050 1500
3350 1100
2750 900
3400 1100
4100 1550
3250 1150
2650 900
1350 400
1150 250
4300 1500
3900 1350
3449 1050
3449 1150
3650 1400
3500 1350
3750 1400
3400 1250
3500 1250
2900 900
2500 900
2200 900
4600 1600
4750 1700
4650 1550
5050 1900
3850 1550
4300 1700
3300 1000
4150 1550
3550 1650
2250 800
4550 1700
5150 1450
4600 1850
4300 1750
4850 1700
5000 1500
3750 1150
3950 1200
2450 950
3800 1450
3050 1100
3150 1050
3150 1250
2350 600
3500 1300
3600 1200
2550 850
4150 1600
3650 1300
3150 1100
2000 650
4500 1700
4350 1550
1900 750
3850 1250
2550 950
3800 1400
5000 1800
4850 1650
5150 1800
5000 1800
3800 1350
4000 1600
2400 950
4000 1700
2550 1000
3550 1250
4150 1700
3550 1250
3350 1400
3550 1400
3800 1350
4350 1700
2050 800
2650 900
2849 1050
3300 1250
2600 900
3050 1050
2000 800
2000 650
1700 650
1800 600
1850 650
1450 500
4700 1700
3500 1400
3850 1300
3250 800
4050 1400
4050 1400
3900 1300
3250 1200
4150 1400
2750 800
4150 1300
4750 1700
4400 1750
5150 1750
4700 1750
4900 1450
4550 1650
4850 1550
4200 1550
3550 1800
4400 1550
4250 1450
2849 950
4000 1650
4150 1750
3600 1350
2600 900
4000 1450
5100 1850
3850 1450
3900 1350
3250 1150
3950 1650
3800 1450
3100 1000
3050 1300
3600 1600
4000 1300
4000 1550
4000 1400
4100 1450
3900 1250
2600 800
2100 700
2300 750
2400 1050
2550 750
3000 750
3250 1000
3150 1050
3150 900
3200 1000
3100 1050
3750 1100
3500 1350
3700 1100
3750 1200
3650 1200
3700 1350
4000 1300
3900 1850
4250 1900
4200 1200
4500 1500
4400 1500
4600 1800
4550 1600
4800 1600
4900 1850
4750 1350
5000 1550
4850 1650
4750 1750
4900 1550
5000 1850
5850 1950
5000 1800
5450 1650
5250 2150
5350 2000
5550 2050
5500 1750
5500 1800
5300 2000
5250 1900
5699 1650
1500 650
1700 700
1800 500
1950 700
2100 550
2200 800
2200 700
2250 750
2350 700
2650 700
2900 800
2849 850
2950 1000
3100 650
3250 1000
3350 1100
3449 1150
3250 1000
3550 1200
3500 1250
3500 1200
3500 1200
3500 1150
3449 1200
3449 1150
3550 1100
3400 1050
3850 1100
3550 1050
3700 1000
3750 1450
3800 1100
3850 1200
3950 1200
4150 1350
4250 1250
4200 1700
4100 1400
4050 1500
4350 1400
4250 1250
4250 1400
4450 1500
4350 1400
4500 1550
4450 1450
4500 1600
4650 1400
4700 1550
4650 1500
4650 1500
4600 1450
4600 1500
4600 1500
4800 1500
4850 1600
5000 1650
4700 1550
5100 1750
4850 1750
4750 1600
4800 1700
4900 1650
4900 1750
4950 2000
4950 1450
4800 1650
4950 1800
4950 1950
4900 1600
5000 1750
5000 1850
5200 1900
5450 2050
5400 1850
5500 1550
5250 1750
5750 2050
5600 2050
5850 1800
6000 2150
1600 500
2050 700
2100 600
2400 750
2849 950
2900 1000
3150 1000
3300 1150
3400 1000
3200 1000
3400 1000
3350 1150
3449 1100
3700 1200
3550 1050
3650 1000
3750 1150
3750 1300
3750 1250
3800 1100
3800 1200
3900 1250
3800 1200
4000 1350
3950 1550
3850 1500
4000 1250
3950 1350
4300 1400
4200 1450
4200 1200
4000 1400
4200 1300
4400 1350
4250 1300
4300 1300
4500 1800
4500 1350
4300 1600
4800 1500
4550 1300
4500 1500
4350 1400
4700 1500
4600 1400
4600 1600
4650 1500
4700 1650
4600 1400
4900 2100
4800 1500
4750 1700
4500 1500
4700 1550
4750 1750
4900 1550
4800 1500
4950 1850
4900 1550
4800 1450
5050 1500
5100 1750
4650 1500
5150 1600
4800 1500
5200 1800
5150 1250
5200 1750
5350 1750
5100 1550
4900 1550
5150 1650
5050 1650
5000 2000
5100 1800
5500 1900
5200 1650
5300 1800
5250 1750
5500 2000
5300 1900
5500 2000
5699 1750
5750 2200
5550 2150
1400 300
1500 450
1750 600
2150 650
2500 800
2450 850
2550 950
2550 800
2600 800
2750 900
2900 1400
2750 950
3000 1250
2849 850
3200 1000
3050 1000
3050 1000
3100 1100
3050 1000
3000 900
3150 1000
3250 1100
3350 1000
3250 1150
3150 1100
3400 1100
3600 1100
3250 1150
3350 950
3400 1150
3500 1000
3449 1050
3550 1150
3750 1200
3800 1250
3650 1400
3650 1250
3850 1250
3800 1350
3850 1450
3950 1350
4100 1400
3900 1100
3850 1300
4150 1500
4000 1300
3750 1200
4300 1550
4400 1500
4300 1450
4250 1450
4200 1550
4250 1350
4650 1500
4350 1450
4450 1750
4400 1400
4350 1350
4300 1500
4450 1550
4350 1550
4400 1750
4650 1450
4250 1500
4600 1450
4650 1650
4200 1450
4550 1300
4700 1450
4750 1400
4750 1400
4800 900
4950 1850
4500 1450
5100 1850
4800 1850
4500 1300
4600 1500
4650 1400
4800 1650
5000 1400
4900 1650
5050 1750
4750 1550
4700 1500
5250 1950
5050 1550
4850 1500
4950 1700
4950 1700
5150 800
5200 1550
5100 1750
5050 1900
5250 2000
5250 1700
5400 2050
5400 2050
5649 2000
5500 2050
5699 1900
1700 500
1950 550
2000 550
2350 900
2400 750
2250 750
2700 900
2650 950
2849 900
2900 900
3350 1050
3500 1050
3650 1150
3750 1200
3650 1300
3750 1200
4000 1050
3950 1450
4300 1350
4050 1400
4200 1400
4150 1500
4250 1300
4200 1400
4450 1600
4450 1350
4700 1550
4550 1500
4850 1550
4350 1600
4750 1750
4500 1600
4750 1900
4800 1700
4750 1750
5000 1300
4850 1600
4900 1650
4850 1600
5100 1850
4900 1600
4900 1600
5250 1900
5150 1550
5150 1700
5150 1900
5400 1950
5649 1800
5500 1800
5649 1700
5699 2100
5950 1900
2300 700
2350 750
2050 800
2500 750
2600 900
2800 850
2700 900
2800 850
3150 900
3050 950
3400 1000
3350 950
3100 900
3600 1400
3500 1100
3850 1300
3750 1100
3750 1200
3900 1300
3700 1200
4250 1250
4000 1250
3650 1150
4000 1450
4000 1250
4000 1100
4650 1500
3800 1250
4050 1500
4450 1250
4250 1300
4150 1100
4300 1300
4300 1500
4350 1650
4250 1300
4350 1400
4300 1300
4350 1300
4250 1500
4550 1600
4500 1650
4650 1500
4600 1500
4500 1700
4500 1500
4450 1500
4400 1250
4500 1350
5000 1500
4600 1250
4750 1450
4700 1550
4600 1700
4450 1350
4800 1700
4500 1950
4500 1500
4650 1650
4950 1700
4900 1800
4800 1550
4250 1550
4700 1950
4800 1400
4900 1600
4750 1750
5150 1350
4550 1500
4950 1650
4750 1500
4750 1950
4950 1750
5150 1650
5000 1600
4900 1450
4900 1200
4800 1650
5300 1800
4850 1850
5100 1700
4850 1900
5200 1750
4850 1800
5000 1900
5150 1600
5050 1800
5750 1750
4850 1500
5200 1700
4950 1900
5200 1950
5649 2000
5000 2050
5150 2000
5250 1600
5250 1800
5100 1750
4850 1750
5250 1900
5250 1700
5250 1950
5400 1750
5150 1600
5050 1700
5050 1900
5150 1800
5500 1750
5800 1900
5900 2050
5750 2000
2150 950
3449 1150
3300 1000
3650 1550
3550 1550
3700 1150
3800 1300
3700 2100
4100 1350
4000 1500
4000 1350
4050 1750
4050 1900
4250 1500
4250 1350
4400 1400
4850 1500
4300 1650
4300 2100
4750 1750
4850 1700
5000 1700
4900 1100
5100 1700
5250 1800
4850 1600
4950 1650
5050 1850
5050 1750
5150 1700
5400 2100
5450 1850
5850 2250
6150 2050
1850 650
2600 800
2849 900
3000 1000
2800 900
3000 900
3200 1100
3350 1050
3250 1050
3200 1050
3300 1150
3400 1250
3550 1050
3700 1100
3750 1250
3750 1100
3300 1000
3750 1150
3800 1350
3850 1250
4100 1400
3950 1150
4000 1100
4200 1450
4100 1200
4200 1900
4050 1500
4450 1450
4500 1450
4400 1350
4500 1450
4700 1400
4700 1500
4300 1300
4450 1400
4450 1600
4350 1550
4500 1750
4350 1650
4700 1450
4050 1500
4700 1750
4800 1400
4600 1600
4500 1400
4500 1500
4950 1600
4850 2150
4900 1700
4750 1600
5150 1550
5150 1750
4950 1800
5050 1650
4900 1550
5000 1800
4850 1450
5000 1500
5050 1700
5100 1750
5400 1650
4900 1600
4550 1700
5300 1800
5250 1550
5200 1450
5200 1850
5600 1950
5100 1650
5350 2000
5550 2200
5600 1750
5500 2050
5750 2000
1700 500
1700 500
1850 600
2700 750
3100 950
3200 850
3500 1100
3550 1400
3800 1200
3950 1250
4300 1500
4000 1300
4150 1200
3950 1150
4350 1450
4300 1500
4800 1500
4300 1250
4550 1450
4650 1800
5000 1800
5250 2000
2150 600
2200 650
2750 1000
2849 800
2900 850
3000 1200
3250 1050
3200 1150
3250 1050
3400 1000
3400 1200
4050 1350
3600 1000
4150 1450
4000 1350
4000 1300
4250 1400
4200 1500
4500 1350
4500 1350
4600 1500
4950 1550
4850 1550
4950 1900
4900 1700
5150 1650
5050 1600
5300 1700
3900 1000
3600 1250
3500 1250
4200 1250
3600 1050
4000 1400
2600 900
4250 1600
1350 800
1650 550
1500 400
4800 2000
4200 1700
4500 1500
5000 1800
5300 1950
5400 2150
5050 1650
5000 1750
3750 1050
3350 1000
4100 1300
3950 1250
4400 1650
3500 900
4350 1100
2550 850
2000 650
2200 700
4900 1400
4400 1250
4750 1900
4100 1150
5400 1750
4900 1550
4700 1150
4500 1550
4650 1550
4050 1600
4050 1800
2650 900
3550 1200
4050 1200
3800 1300
4100 1350
3000 1000
1950 700
2950 1000
3850 1350
5050 1650
4400 1150
5450 1750
4150 1500
3600 1100
3850 1350
5750 2300
4050 1500
1450 250
5150 1800
4050 1150
4350 1850
4700 1600
4050 1750
2450 750
2350 750
3350 1400
3800 1550
4050 1600
3000 1000
4850 2200
5050 1850
5300 1850
2650 950
2150 750
3800 1250
2500 800
3400 1250
4500 1400
4800 1650
4600 1700
4200 1400
4950 1600
4850 1750
5100 1900
3400 1200
5050 1900
5250 1750
4000 1450
3050 900
4350 1950
4150 1750
5250 2000
3500 1200
3200 1300
3500 1350
3250 1250
5050 1900
4550 1500
3250 1200
4100 1500
4800 1900
4850 2050
5350 1550
2849 1000
5100 1550
5300 1500
5400 1850
4350 1350
5250 1900
4800 1900
5100 1600
5550 2050
5500 1600
4350 1600
4950 1900
5000 1650
2400 900
3500 1250
3750 1250
3800 1300
3500 1050
3500 1050
2300 750
4800 1500
3850 1100
3750 1250
5050 1650
4350 1250
5200 1900
4850 1450
4500 1150
5000 1400
3800 1350
3850 1350
3350 1150
3100 1250
4650 1450
4750 1300
4250 1550
3600 1250
3750 1400
4050 1400
3550 1100
3850 1250
3900 1400
4150 1600
5300 1900
5400 1850
4500 1700
4750 1650
4750 1550
4400 1550
5699 1850
5100 1750
4600 1300
4750 1450
4200 1600
3950 1200
4050 1300
3750 1500
4550 1850
5000 1600
4500 1200
4850 1650
5000 1900
5000 1750
4850 1750
5000 2050
5250 1900
5750 1750
4500 1850
4350 1400
4450 1750
3000 1150
3250 1350
2000 800
3550 1200
4850 1650
3800 1350
4100 1500
3100 1100
3550 1150
2600 900
3500 1400
2000 650
1250 400
5550 2000
4250 1550
3850 1400
3700 1300
3000 1050
2800 1000
2650 900
4150 1350
4800 2000
4750 1700
4350 1500
3050 1250
3400 1800
3400 1250
3600 1250
3000 1050
3250 1350
3500 1250
5250 1800
5250 1750
4750 1850
4350 1450
3900 1350
3300 950
3650 1100
3800 1450
3800 1450
4000 1600
3200 1000
3850 1150
3750 1050
3449 1300
3800 1300
4050 1450
3650 1400
3600 1100
3400 1100
3000 1000
2849 1000
2150 750
4450 1700
4400 1750
3150 950
3000 1000
4050 1500
2450 850
3100 1150
2100 650
4650 1950
4800 1650
4600 1700
3449 1250
2350 900
3300 1350
4050 1550
3750 1250
3300 1500
2350 900
1900 700
2550 750
2100 800
1300 450
4350 1650
4000 1200
3750 1300
2250 700
3500 1150
4000 1250
4100 1450
5350 1850
4650 1500
4400 1600
4200 1250
5150 1850
4350 1300
4800 1600
4500 1650
4750 1600
3750 1500
2849 850
3500 1150
4300 1350
3950 1500
3449 1500
2650 1100
2800 1050
2500 750
2800 750
2650 800
3150 900
3100 950
3100 1050
3200 1000
3550 1150
3950 1200
3700 1050
4650 1600
4500 1400
4600 1500
4800 1800
4700 1350
4750 1650
4750 1500
4700 1550
4750 1500
5100 1700
5450 1850
5500 2000
6050 2000
1800 650
2100 650
2400 750
2650 950
2700 900
2700 1050
2800 900
2849 900
2750 950
3000 900
3350 1050
3500 1250
3700 1000
3550 1150
3700 1300
3700 1000
4000 1150
4000 1450
3850 1100
3900 1200
3900 1200
3950 1250
4400 1250
4400 1550
4400 1450
4200 1100
4600 1650
4750 1550
4800 1600
4950 1750
4700 1600
5050 1900
4850 1650
4950 1600
4700 1700
4850 1700
4950 1550
4800 1950
5000 1700
5250 1800
5200 1650
5850 2300
5649 2000
5800 1850
1200 500
1500 550
2650 850
3150 850
2900 1000
3000 1100
3350 1100
3300 1100
3400 1050
3449 1050
3550 1450
3550 1150
4200 1600
3700 1150
4750 1600
4050 1300
3800 1300
4200 1400
4200 1600
4400 1600
4400 1450
4400 1500
4300 1350
4150 1300
4400 1450
4500 1450
4600 1450
4700 1650
4100 1450
4750 1600
4700 1750
4900 1900
5100 1800
4950 1800
4700 1750
5000 1650
4750 1750
5200 1750
5050 1800
5200 1800
5400 1750
5000 1750
5250 1800
5250 1900
5750 2000
5600 1750
5699 1950
5450 1800
5450 1850
1500 550
1850 600
2050 700
2400 850
2300 850
2600 850
2600 900
2650 850
2650 750
2650 900
2750 900
2849 900
3100 1150
3150 900
2650 1000
3250 1100
3250 1050
3350 1100
3400 1200
3550 950
3500 1100
4350 1100
3400 900
3550 1250
3600 1350
3500 1150
3550 1250
3700 1200
3650 1250
3900 1150
4000 1350
3900 1050
4050 1300
4200 1300
4150 1350
4100 1300
4100 1350
4250 1550
4500 1750
4700 1550
4200 1300
4200 1600
4550 1550
4400 1250
4750 1600
4500 1550
4600 1400
4600 1400
4700 1500
4700 1650
4650 1650
4600 1650
4650 1450
4700 1700
4700 1500
4750 1550
4750 2300
4750 1700
4850 1450
4800 1650
4800 1600
4750 1600
5000 1750
4900 1650
4850 1600
4650 1500
4950 1700
5150 1850
5150 1800
5200 1950
4750 1650
5250 1600
5300 1650
5000 1550
5150 2000
5150 1450
5300 1700
5200 1800
5550 2200
1250 400
2849 950
3000 900
3250 1100
3700 1100
3750 1150
3750 1100
3900 1400
4300 1550
4050 1200
4500 1600
4650 1700
4600 1800
4900 1700
4750 1550
4750 1900
4950 2000
4600 1600
5150 1700
5000 1700
5000 1700
4550 1700
5050 1650
5300 1750
5000 1750
5250 1950
5300 1900
5250 2000
5649 2250
2050 500
2250 700
2200 850
2250 750
2200 650
2650 850
2750 950
2900 900
3250 1000
3400 1050
3200 950
3449 1200
3700 1150
3550 1200
3449 1200
3650 1050
3350 1000
3500 1250
3650 1250
3900 1200
4050 1300
4150 1400
4050 1250
4250 1400
4250 1300
4200 1400
4100 1250
3950 1250
4050 1400
4500 1550
4100 1400
4100 1250
4150 1500
4500 1400
4000 1350
4300 1500
4500 1450
4400 1500
4200 1550
4650 1450
4600 1400
4650 1350
4700 1350
4400 1350
4600 1550
4500 1650
4700 1600
5000 1600
4900 1650
4900 1500
4500 1900
4950 1650
4700 1750
5000 1800
5250 1550
4700 1550
4800 1650
4850 1350
4850 1600
4900 1700
5050 1950
5000 1750
5100 1900
5200 1700
4950 1700
4950 1600
5200 1950
5250 2050
5100 1750
5100 1750
5250 1900
5300 1700
5100 1800
5400 1950
5100 1550
5400 1950
5400 2000
5350 1850
5100 1700
5300 1950
5500 1900
5350 1750
5500 2100
5300 1700
5550 1750
5600 1850
6000 2100
1300 750
2500 1000
2500 1150
2800 950
3200 1150
3100 1300
3600 1050
3550 1200
3650 1500
3750 1550
3950 1450
4000 1500
3750 1500
3800 1350
3700 1150
4150 1800
4200 1900
4550 1600
5050 1650
4750 1500
4800 1800
4700 1500
5050 1700
5250 1650
5000 1700
5250 1950
5250 2050
5550 1950
2050 650
2050 700
2650 850
2900 1000
3150 1000
3300 950
3750 1100
3350 1150
3550 1350
3600 1100
3700 1400
3950 1050
3900 1200
4100 1400
4000 1400
4250 1550
4250 1300
4200 1350
3950 1150
4100 1500
4000 1450
4500 1350
4400 1400
4600 1600
4650 1450
4300 1450
4300 1250
4500 1450
4650 1200
4600 1500
4200 1400
4500 1550
4200 1550
4700 1450
4500 1250
4800 1850
4800 1850
4550 1300
5000 1750
4800 1800
4800 1550
4950 1550
5000 1850
4900 1600
4750 1500
5100 1550
5050 1750
4950 1750
5200 1750
5250 1800
5200 1750
5400 1750
5400 2100
5800 2000
5350 1750
5600 1700
5800 2050
1550 450
2300 750
2300 600
2700 1000
3050 1100
3100 950
3650 1150
3850 1300
3750 1350
4000 1250
4450 1300
4900 1700
2600 950
2750 950
3400 1000
3550 1200
3850 1200
4450 1400
4500 1400
4400 1450
4600 1550
4800 1750
4550 1350
4600 1700
4700 1700
5200 1850
5400 1950
5200 1750
5550 1700
3850 1200
4200 1750
3650 1150
4100 1500
2600 750
3500 1000
3250 1000
1050 350
2500 950
4250 1250
4100 1450
4200 1250
4750 1450
4500 1600
4500 1550
3500 1050
2750 850
3700 1250
5350 2200
3000 1150
2950 1100
4400 1300
4100 1500
4650 1550
4000 1550
3350 1150
2550 850
5150 2000
4500 1650
4400 1900
4650 1500
4750 1750
3700 1250
5000 1800
2350 650
3950 1650
4300 1650
3900 1300
3400 1350
3850 1600
4400 1650
3600 1100
4000 1150
2500 750
4100 1500
2250 900
4500 1600
5000 2250
3550 1150
4900 1700
3000 1000
4550 1300
5450 1600
4250 1200
2250 750
3300 1050
3750 1200
4400 1550
4500 1000
5000 2000
4000 1400
4600 1800
4000 1500
3550 1250
3800 1350
5000 1800
5750 1900
5000 1650
4600 1500
1050 350
3449 1400
4300 1250
1200 200
4800 2350
4700 1650
2700 950
1800 650
3900 1500
3650 1350
3750 1250
3550 1350
2700 1000
4050 1400
4000 1450
3900 1400
4450 1650
4100 1600
4600 1900
4900 1900
4300 1350
2300 850
2800 950
4000 1400
2800 800
4000 1650
3500 1150
4200 1600
3800 1550
5500 2200
5150 2150
5350 1850
4400 1650
3700 1150
1800 600
1750 800
4100 1150
4000 1150
4250 1100
2750 650
4200 1450
3900 1050
4400 1600
4000 1150
4500 1750
4400 1600
1750 650
4100 1650
3650 1400
4000 1650
4150 1500
4250 1300
3900 1100
2350 800
3550 1200
3850 1050
3850 1200
3950 1400
4400 1550
5000 1800
5500 1900
5500 1950
5500 2050
5750 1950
2050 750
1900 600
2200 700
2200 650
2300 700
2900 950
3000 900
2849 900
2950 950
3150 1200
3300 1000
3200 1150
3300 1350
3500 1350
3500 1200
3900 1200
3750 1150
4100 1150
4550 1500
4350 1500
4500 1250
4650 1550
4800 1850
5250 1700
5450 1850
5150 1650
5200 1950
5100 2000
5100 1800
6000 2300
6000 2350
1350 450
1750 550
2300 0
2700 900
2800 800
3100 950
3500 1350
3500 1050
3750 1250
3900 1250
3950 1250
4300 1400
4650 1500
4600 1500
4550 1550
4900 1600
4750 1500
5300 1700
4650 1400
5050 1750
4800 1750
4800 1450
5250 1750
5050 1900
4850 1550
5150 1550
5500 1750
5800 1950
5450 1950
2000 700
2450 650
2600 850
2800 900
2700 900
3100 1000
3350 1100
3250 1000
3250 1100
3650 900
3850 1250
4050 1250
4100 1400
4200 1400
4150 1550
4450 1250
4400 1550
4500 1200
4500 1500
4600 1650
4600 1350
4250 1550
4500 1600
4600 1550
4850 1450
4950 1600
4950 1550
4950 1750
5000 1750
4700 1450
4850 1650
5000 1800
5000 1500
5100 1650
5350 1850
5600 1850
3900 1200
4050 1300
4650 1450
4900 1500
5150 1600
4900 1800
2750 800
3100 850
3000 1150
3050 1000
3350 1050
3350 1250
3750 1100
3600 1200
3950 1250
4000 1400
4500 1500
4300 1400
4350 1250
4300 1800
3850 1300
4300 1250
4500 1450
4650 1500
4450 1600
4800 1700
5100 1600
4500 1550
4750 1550
4700 1300
3650 1550
4750 2050
5000 1800
4900 1900
4850 1800
5300 1750
4850 1550
5000 1750
5000 1800
4950 1600
5250 1800
5200 1750
5100 1500
5450 1850
5450 2150
5450 1750
5649 1800
5900 2050
3050 1000
3500 1000
3650 1300
4100 1550
4000 1400
4200 1800
4200 1400
4500 1500
4650 1550
4800 1600
5050 1750
5250 1850
2150 500
2650 900
3500 1300
3650 1100
3750 1150
3850 1200
4150 1350
4200 1450
4450 1100
4350 1450
4250 1400
4500 1400
4250 1450
4700 1700
4500 1500
4550 1400
5000 1700
4950 1550
5050 1550
4900 1550
4950 1750
5350 1900
5050 1650
5250 1800
5000 2200
5350 1900
5250 2000
5300 2100
5500 1950
6050 1750
2150 700
2300 800
2500 750
2800 900
3150 1150
3300 950
3500 1100
3700 1100
3600 1400
3550 1100
4400 1350
4750 1650
4550 1700
2550 1000
3100 850
2900 1000
3000 850
3650 1150
3800 1250
4000 1250
3850 1650
4300 1300
4300 1550
4500 1650
4400 1350
4750 2050
4850 1500
5550 1950