0.365 0.095
0.265 0.09
0.42 0.135
0.365 0.125
0.255 0.08
0.3 0.095
0.415 0.15
0.425 0.125
0.37 0.125
0.44 0.15
0.38 0.14
0.35 0.11
0.38 0.135
0.405 0.145
0.355 0.1
0.4 0.13
0.28 0.085
0.34 0.1
0.295 0.08
0.32 0.1
0.28 0.095
0.275 0.1
0.44 0.155
0.415 0.135
0.48 0.165
0.44 0.14
0.45 0.185
0.445 0.14
0.475 0.18
0.425 0.14
0.47 0.165
0.56 0.165
0.525 0.165
0.55 0.175
0.55 0.2
0.355 0.105
0.475 0.155
0.355 0.105
0.445 0.135
0.29 0.09
0.335 0.105
0.425 0.135
0.175 0.045
0.15 0.055
0.15 0.05
0.295 0.095
0.37 0.12
0.375 0.12
0.245 0.07
0.425 0.16
0.41 0.12
0.32 0.095
0.36 0.13
0.36 0.12
0.31 0.1
0.4 0.14
0.35 0.12
0.385 0.135
0.19 0.06
0.4 0.125
0.345 0.105
0.405 0.11
0.41 0.13
0.325 0.095
0.4 0.12
0.355 0.12
0.44 0.16
0.495 0.185
0.39 0.12
0.235 0.07
0.425 0.13
0.32 0.11
0.475 0.17
0.48 0.175
0.45 0.195
0.475 0.15
0.475 0.14
0.47 0.15
0.425 0.14
0.475 0.17
0.445 0.14
0.51 0.175
0.425 0.165
0.475 0.16
0.45 0.14
0.465 0.18
0.465 0.14
0.44 0.16
0.355 0.13
0.45 0.16
0.425 0.135
0.44 0.15
0.465 0.175
0.495 0.165
0.56 0.19
0.535 0.195
0.435 0.15
0.375 0.13
0.37 0.13
0.375 0.125
0.265 0.095
0.435 0.145
0.435 0.16
0.415 0.14
0.47 0.16
0.41 0.155
0.43 0.165
0.4 0.125
0.39 0.135
0.395 0.105
0.395 0.125
0.36 0.105
0.32 0.08
0.35 0.105
0.41 0.125
0.415 0.115
0.375 0.135
0.34 0.105
0.43 0.15
0.305 0.085
0.365 0.105
0.295 0.085
0.425 0.14
0.265 0.075
0.28 0.08
0.195 0.06
0.275 0.09
0.29 0.085
0.535 0.16
0.54 0.165
0.48 0.165
0.35 0.125
0.26 0.09
0.26 0.095
0.2 0.065
0.33 0.115
0.23 0.08
0.255 0.09
0.325 0.11
0.285 0.095
0.445 0.155
0.45 0.145
0.52 0.19
0.455 0.155
0.375 0.13
0.38 0.125
0.35 0.12
0.205 0.08
0.13 0.055
0.13 0.095
0.475 0.145
0.5 0.185
0.515 0.19
0.485 0.16
0.45 0.135
0.405 0.13
0.46 0.19
0.485 0.215
0.455 0.17
0.46 0.165
0.465 0.165
0.485 0.16
0.485 0.175
0.56 0.21
0.545 0.23
0.57 0.19
0.575 0.175
0.57 0.205
0.56 0.22
0.515 0.175
0.55 0.215
0.395 0.145
0.435 0.155
0.405 0.115
0.16 0.04
0.26 0.09
0.21 0.06
0.245 0.085
0.16 0.045
0.475 0.15
0.48 0.18
0.51 0.175
0.45 0.16
0.475 0.175
0.51 0.2
0.49 0.19
0.48 0.15
0.5 0.185
0.48 0.16
0.46 0.17
0.48 0.18
0.485 0.17
0.45 0.15
0.275 0.085
0.4 0.14
0.405 0.155
0.41 0.15
0.5 0.185
0.45 0.16
0.46 0.185
0.345 0.12
0.4 0.165
0.4 0.145
0.435 0.17
0.335 0.115
0.34 0.14
0.3 0.11
0.34 0.11
0.415 0.17
0.28 0.095
0.365 0.145
0.25 0.09
0.325 0.105
0.405 0.14
0.395 0.16
0.405 0.14
0.35 0.13
0.3 0.12
0.36 0.135
0.305 0.13
0.325 0.125
0.35 0.145
0.375 0.15
0.355 0.15
0.38 0.105
0.37 0.135
0.29 0.125
0.27 0.085
0.465 0.165
0.415 0.16
0.445 0.135
0.44 0.175
0.505 0.215
0.215 0.075
0.35 0.135
0.225 0.08
0.055 0.01
0.1 0.03
0.09 0.03
0.12 0.035
0.425 0.16
0.2 0.07
0.175 0.065
0.23 0.08
0.255 0.085
0.26 0.085
0.245 0.08
0.275 0.085
0.245 0.075
0.27 0.11
0.25 0.105
0.47 0.18
0.455 0.155
0.46 0.185
0.495 0.165
0.45 0.175
0.45 0.185
0.46 0.16
0.505 0.17
0.475 0.16
0.475 0.155
0.44 0.125
0.42 0.165
0.195 0.06
0.2 0.08
0.38 0.13
0.45 0.15
0.275 0.11
0.39 0.15
0.36 0.125
0.525 0.215
0.5 0.2
0.485 0.205
0.505 0.225
0.515 0.155
0.54 0.215
0.53 0.185
0.5 0.24
0.525 0.205
0.425 0.135
0.415 0.185
0.285 0.105
0.355 0.12
0.395 0.14
0.38 0.175
0.415 0.17
0.435 0.155
0.4 0.155
0.355 0.125
0.435 0.16
0.435 0.18
0.505 0.21
0.475 0.165
0.455 0.175
0.495 0.195
0.215 0.085
0.205 0.075
0.21 0.085
0.395 0.14
0.28 0.105
0.305 0.095
0.435 0.175
0.28 0.1
0.27 0.1
0.36 0.13
0.145 0.06
0.12 0.03
0.515 0.24
0.41 0.125
0.435 0.145
0.485 0.19
0.44 0.14
0.455 0.195
0.47 0.2
0.485 0.175
0.355 0.11
0.535 0.19
0.35 0.1
0.455 0.155
0.255 0.095
0.21 0.06
0.145 0.04
0.31 0.1
0.205 0.07
0.265 0.105
0.275 0.09
0.255 0.1
0.4 0.13
0.295 0.105
0.28 0.09
0.38 0.155
0.325 0.12
0.22 0.08
0.175 0.04
0.6 0.195
0.465 0.19
0.475 0.19
0.45 0.185
0.475 0.185
0.45 0.195
0.455 0.145
0.51 0.205
0.465 0.185
0.375 0.18
0.425 0.155
0.39 0.14
0.42 0.16
0.26 0.08
0.305 0.115
0.48 0.15
0.495 0.185
0.45 0.17
0.46 0.14
0.455 0.17
0.515 0.17
0.58 0.205
0.525 0.185
0.525 0.19
0.585 0.215
0.545 0.18
0.49 0.18
0.465 0.15
0.525 0.175
0.48 0.15
0.5 0.175
0.515 0.16
0.465 0.145
0.455 0.12
0.49 0.18
0.56 0.215
0.545 0.165
0.565 0.195
0.58 0.2
0.575 0.17
0.52 0.15
0.545 0.195
0.49 0.19
0.45 0.16
0.465 0.175
0.495 0.185
0.47 0.18
0.42 0.145
0.4 0.135
0.375 0.12
0.425 0.135
0.37 0.105
0.42 0.155
0.38 0.135
0.42 0.125
0.375 0.12
0.325 0.1
0.375 0.125
0.375 0.125
0.295 0.095
0.275 0.095
0.31 0.1
0.395 0.14
0.38 0.145
0.44 0.15
0.455 0.15
0.365 0.12
0.455 0.135
0.325 0.11
0.415 0.14
0.345 0.12
0.44 0.15
0.355 0.115
0.485 0.12
0.45 0.145
0.44 0.095
0.5 0.165
0.475 0.12
0.46 0.12
0.44 0.12
0.495 0.17
0.47 0.14
0.5 0.17
0.515 0.165
0.5 0.155
0.41 0.14
0.54 0.165
0.38 0.12
0.39 0.135
0.225 0.07
0.2 0.07
0.45 0.175
0.485 0.165
0.5 0.16
0.455 0.125
0.45 0.17
0.45 0.175
0.47 0.155
0.455 0.17
0.42 0.14
0.345 0.1
0.41 0.15
0.275 0.095
0.305 0.095
0.3 0.09
0.415 0.165
0.275 0.11
0.26 0.1
0.425 0.14
0.295 0.1
0.325 0.105
0.455 0.19
0.435 0.185
0.455 0.185
0.5 0.175
0.455 0.15
0.565 0.215
0.535 0.16
0.555 0.195
0.49 0.155
0.55 0.175
0.47 0.14
0.54 0.175
0.28 0.105
0.31 0.11
0.41 0.135
0.285 0.1
0.465 0.17
0.185 0.07
0.165 0.055
0.195 0.07
0.125 0.05
0.55 0.19
0.53 0.195
0.55 0.21
0.555 0.2
0.44 0.135
0.405 0.12
0.34 0.12
0.405 0.12
0.415 0.16
0.415 0.175
0.35 0.115
0.54 0.175
0.59 0.225
0.545 0.185
0.585 0.185
0.4 0.155
0.465 0.125
0.46 0.15
0.48 0.145
0.465 0.14
0.45 0.13
0.515 0.15
0.42 0.135
0.455 0.165
0.455 0.145
0.46 0.13
0.51 0.155
0.53 0.175
0.5 0.195
0.5 0.15
0.52 0.175
0.485 0.165
0.525 0.155
0.45 0.175
0.44 0.18
0.52 0.225
0.47 0.225
0.505 0.19
0.485 0.19
0.47 0.175
0.46 0.235
0.455 0.225
0.435 0.18
0.445 0.155
0.53 0.185
0.35 0.14
0.38 0.145
0.22 0.085
0.195 0.07
0.195 0.08
0.29 0.115
0.2 0.08
0.23 0.09
0.25 0.09
0.15 0.05
0.27 0.09
0.26 0.115
0.14 0.055
0.16 0.06
0.125 0.04
0.11 0.04
0.445 0.155
0.45 0.16
0.3 0.095
0.42 0.185
0.355 0.13
0.37 0.12
0.335 0.11
0.37 0.14
0.38 0.13
0.405 0.14
0.23 0.075
0.205 0.07
0.29 0.115
0.375 0.14
0.355 0.115
0.325 0.115
0.35 0.115
0.29 0.105
0.245 0.075
0.195 0.065
0.155 0.045
0.45 0.16
0.425 0.18
0.515 0.16
0.49 0.155
0.44 0.165
0.37 0.12
0.39 0.125
0.385 0.15
0.405 0.15
0.5 0.165
0.53 0.17
0.4 0.145
0.34 0.105
0.4 0.12
0.35 0.115
0.415 0.15
0.355 0.13
0.255 0.065
0.355 0.13
0.33 0.125
0.21 0.08
0.32 0.115
0.35 0.14
0.345 0.135
0.455 0.155
0.44 0.14
0.475 0.15
0.475 0.14
0.425 0.14
0.435 0.175
0.445 0.15
0.48 0.175
0.49 0.175
0.425 0.15
0.525 0.19
0.355 0.14
0.305 0.1
0.39 0.125
0.425 0.17
0.41 0.145
0.335 0.14
0.31 0.12
0.4 0.15
0.29 0.115
0.41 0.175
0.52 0.18
0.42 0.15
0.455 0.18
0.43 0.14
0.47 0.14
0.495 0.145
0.445 0.195
0.42 0.145
0.315 0.11
0.3 0.1
0.345 0.115
0.39 0.14
0.345 0.125
0.27 0.09
0.37 0.13
0.285 0.1
0.265 0.09
0.345 0.17
0.145 0.05
0.24 0.075
0.37 0.125
0.35 0.145
0.345 0.135
0.355 0.14
0.24 0.085
0.225 0.075
0.17 0.055
0.255 0.08
0.38 0.14
0.385 0.115
0.385 0.105
0.36 0.105
0.405 0.16
0.335 0.095
0.305 0.095
0.415 0.145
0.265 0.085
0.365 0.115
0.34 0.12
0.365 0.125
0.36 0.13
0.295 0.1
0.265 0.09
0.235 0.1
0.26 0.085
0.345 0.12
0.4 0.13
0.24 0.085
0.485 0.18
0.45 0.16
0.255 0.095
0.34 0.13
0.33 0.12
0.215 0.075
0.375 0.145
0.35 0.12
0.36 0.125
0.18 0.065
0.245 0.09
0.35 0.13
0.225 0.08
0.28 0.11
0.215 0.075
0.435 0.165
0.515 0.17
0.49 0.195
0.475 0.185
0.525 0.18
0.45 0.17
0.34 0.13
0.305 0.105
0.355 0.12
0.295 0.095
0.35 0.12
0.38 0.15
0.425 0.155
0.35 0.145
0.385 0.145
0.38 0.155
0.41 0.165
0.39 0.15
0.385 0.15
0.395 0.18
0.415 0.145
0.375 0.115
0.38 0.165
0.275 0.1
0.275 0.1
0.37 0.14
0.325 0.115
0.405 0.185
0.4 0.14
0.44 0.185
0.4 0.15
0.405 0.125
0.4 0.17
0.44 0.15
0.375 0.15
0.19 0.075
0.325 0.115
0.29 0.12
0.11 0.02
0.23 0.09
0.105 0.05
0.205 0.1
0.335 0.12
0.315 0.105
0.285 0.105
0.385 0.135
0.33 0.105
0.295 0.115
0.3 0.125
0.325 0.14
0.25 0.09
0.26 0.09
0.295 0.13
0.225 0.09
0.25 0.08
0.3 0.1
0.205 0.055
0.265 0.085
0.255 0.08
0.2 0.065
0.205 0.07
0.19 0.06
0.125 0.035
0.1 0.025
0.11 0.025
0.455 0.16
0.44 0.15
0.41 0.13
0.36 0.08
0.36 0.11
0.305 0.085
0.375 0.105
0.4 0.125
0.4 0.12
0.4 0.13
0.42 0.13
0.4 0.12
0.38 0.13
0.425 0.12
0.39 0.125
0.385 0.115
0.405 0.125
0.41 0.135
0.345 0.09
0.44 0.205
0.265 0.09
0.42 0.15
0.405 0.14
0.415 0.13
0.42 0.13
0.52 0.2
0.385 0.14
0.42 0.13
0.515 0.175
0.39 0.105
0.355 0.12
0.46 0.17
0.455 0.165
0.515 0.175
0.505 0.185
0.525 0.155
0.495 0.19
0.44 0.155
0.43 0.12
0.405 0.15
0.44 0.155
0.44 0.135
0.51 0.19
0.47 0.145
0.45 0.15
0.445 0.13
0.27 0.095
0.43 0.155
0.425 0.17
0.455 0.165
0.375 0.14
0.275 0.115
0.34 0.135
0.38 0.14
0.41 0.165
0.385 0.145
0.38 0.14
0.35 0.14
0.36 0.145
0.41 0.165
0.385 0.15
0.435 0.145
0.28 0.125
0.155 0.06
0.415 0.175
0.39 0.13
0.385 0.135
0.39 0.16
0.465 0.165
0.465 0.16
0.375 0.135
0.37 0.18
0.45 0.165
0.465 0.16
0.405 0.145
0.41 0.155
0.335 0.11
0.42 0.16
0.345 0.11
0.34 0.135
0.335 0.125
0.33 0.13
0.275 0.1
0.38 0.135
0.305 0.12
0.205 0.07
0.4 0.125
0.34 0.13
0.41 0.115
0.405 0.14
0.365 0.13
0.175 0.055
0.185 0.06
0.24 0.085
0.25 0.08
0.25 0.08
0.27 0.09
0.25 0.07
0.3 0.085
0.275 0.135
0.275 0.14
0.275 0.095
0.29 0.095
0.3 0.1
0.29 0.095
0.29 0.095
0.31 0.1
0.325 0.1
0.32 0.11
0.305 0.1
0.325 0.1
0.365 0.115
0.335 0.1
0.325 0.1
0.35 0.13
0.375 0.12
0.365 0.125
0.365 0.135
0.355 0.105
0.385 0.125
0.41 0.125
0.4 0.125
0.44 0.14
0.395 0.13
0.405 0.125
0.42 0.14
0.44 0.135
0.43 0.125
0.45 0.15
0.45 0.15
0.435 0.145
0.45 0.155
0.455 0.15
0.435 0.13
0.465 0.14
0.475 0.165
0.46 0.13
0.48 0.15
0.48 0.16
0.475 0.16
0.465 0.14
0.475 0.175
0.475 0.155
0.495 0.175
0.475 0.175
0.455 0.16
0.5 0.175
0.52 0.15
0.51 0.15
0.505 0.165
0.505 0.16
0.5 0.165
0.49 0.155
0.49 0.2
0.505 0.165
0.51 0.17
0.5 0.15
0.485 0.165
0.51 0.165
0.525 0.175
0.52 0.165
0.58 0.205
0.53 0.17
0.52 0.19
0.585 0.16
0.525 0.17
0.525 0.155
0.56 0.195
0.54 0.16
0.56 0.22
0.595 0.23
0.14 0.05
0.175 0.055
0.175 0.065
0.19 0.05
0.18 0.055
0.195 0.06
0.12 0.075
0.23 0.08
0.235 0.08
0.23 0.095
0.22 0.07
0.235 0.075
0.23 0.07
0.24 0.09
0.24 0.075
0.265 0.085
0.25 0.075
0.25 0.075
0.25 0.075
0.25 0.07
0.265 0.1
0.29 0.095
0.28 0.095
0.28 0.09
0.265 0.08
0.31 0.09
0.305 0.09
0.31 0.09
0.33 0.09
0.32 0.115
0.315 0.1
0.34 0.1
0.315 0.1
0.325 0.1
0.325 0.09
0.325 0.12
0.34 0.115
0.345 0.13
0.325 0.09
0.335 0.11
0.35 0.13
0.36 0.13
0.355 0.105
0.345 0.11
0.335 0.105
0.355 0.125
0.375 0.12
0.36 0.1
0.345 0.105
0.365 0.115
0.37 0.115
0.345 0.11
0.35 0.125
0.365 0.12
0.365 0.12
0.37 0.125
0.36 0.12
0.375 0.115
0.385 0.145
0.36 0.1
0.365 0.12
0.37 0.115
0.385 0.125
0.395 0.135
0.4 0.135
0.39 0.135
0.385 0.12
0.385 0.135
0.4 0.125
0.39 0.13
0.39 0.15
0.41 0.125
0.355 0.125
0.39 0.135
0.375 0.1
0.405 0.135
0.405 0.15
0.41 0.145
0.43 0.14
0.39 0.155
0.415 0.14
0.4 0.14
0.425 0.13
0.425 0.15
0.405 0.125
0.4 0.135
0.43 0.14
0.435 0.14
0.445 0.155
0.43 0.14
0.455 0.16
0.4 0.13
0.45 0.155
0.45 0.155
0.455 0.15
0.445 0.14
0.46 0.17
0.475 0.16
0.46 0.16
0.46 0.15
0.46 0.18
0.455 0.15
0.45 0.145
0.49 0.13
0.465 0.155
0.47 0.16
0.455 0.145
0.47 0.155
0.45 0.15
0.475 0.165
0.46 0.14
0.455 0.15
0.49 0.15
0.475 0.155
0.47 0.165
0.47 0.15
0.475 0.155
0.48 0.16
0.51 0.18
0.48 0.17
0.49 0.175
0.475 0.175
0.5 0.165
0.485 0.2
0.485 0.155
0.495 0.165
0.48 0.15
0.49 0.175
0.525 0.185
0.505 0.155
0.5 0.17
0.5 0.175
0.5 0.155
0.52 0.175
0.52 0.175
0.505 0.165
0.5 0.175
0.5 0.16
0.515 0.15
0.495 0.16
0.52 0.21
0.525 0.185
0.46 0.16
0.51 0.175
0.505 0.185
0.535 0.19
0.495 0.195
0.475 0.18
0.525 0.165
0.57 0.225
0.565 0.195
0.535 0.185
0.525 0.175
0.505 0.2
0.535 0.175
0.535 0.18
0.565 0.205
0.565 0.175
0.525 0.185
0.6 0.22
0.6 0.22
0.13 0.045
0.15 0.045
0.135 0.04
0.155 0.04
0.165 0.055
0.18 0.065
0.18 0.065
0.195 0.055
0.195 0.065
0.21 0.085
0.22 0.065
0.22 0.08
0.235 0.055
0.225 0.085
0.265 0.08
0.28 0.1
0.28 0.08
0.275 0.1
0.29 0.08
0.32 0.095
0.3 0.11
0.3 0.1
0.325 0.1
0.3 0.105
0.32 0.11
0.31 0.095
0.325 0.115
0.335 0.12
0.33 0.11
0.345 0.115
0.33 0.11
0.345 0.105
0.34 0.145
0.335 0.11
0.365 0.125
0.34 0.12
0.33 0.105
0.33 0.1
0.33 0.11
0.35 0.115
0.36 0.105
0.38 0.125
0.35 0.11
0.35 0.1
0.38 0.125
0.465 0.125
0.375 0.14
0.375 0.12
0.38 0.125
0.39 0.125
0.39 0.125
0.405 0.125
0.4 0.125
0.4 0.125
0.38 0.115
0.385 0.125
0.4 0.145
0.38 0.135
0.38 0.125
0.46 0.15
0.4 0.13
0.4 0.14
0.405 0.12
0.395 0.12
0.4 0.125
0.39 0.125
0.42 0.14
0.39 0.135
0.41 0.12
0.415 0.14
0.415 0.135
0.43 0.15
0.425 0.15
0.43 0.145
0.445 0.16
0.44 0.155
0.415 0.145
0.455 0.15
0.435 0.15
0.45 0.175
0.46 0.15
0.445 0.145
0.44 0.15
0.46 0.145
0.45 0.16
0.435 0.14
0.47 0.165
0.455 0.135
0.435 0.13
0.445 0.17
0.445 0.145
0.455 0.15
0.455 0.195
0.445 0.135
0.45 0.14
0.45 0.145
0.45 0.155
0.46 0.145
0.465 0.16
0.47 0.15
0.475 0.16
0.455 0.17
0.465 0.15
0.465 0.155
0.47 0.165
0.475 0.14
0.48 0.17
0.475 0.165
0.485 0.16
0.485 0.145
0.47 0.165
0.46 0.17
0.465 0.15
0.475 0.155
0.47 0.135
0.45 0.2
0.48 0.16
0.485 0.175
0.48 0.185
0.47 0.155
0.5 0.175
0.495 0.015
0.515 0.165
0.53 0.195
0.48 0.17
0.5 0.19
0.5 0.155
0.515 0.16
0.51 0.175
0.53 0.185
0.525 0.16
0.5 0.17
0.505 0.205
0.54 0.215
0.52 0.165
0.54 0.155
0.53 0.21
0.53 0.17
0.56 0.185
0.565 0.18
0.575 0.19
0.525 0.19
0.55 0.17
0.56 0.18
0.55 0.19
0.535 0.19
0.58 0.195
0.55 0.2
0.565 0.145
0.505 0.185
0.575 0.185
0.585 0.185
0.565 0.215
0.57 0.21
0.625 0.21
0.58 0.205
0.63 0.215
0.375 0.12
0.205 0.06
0.185 0.065
0.19 0.065
0.195 0.09
0.215 0.065
0.225 0.07
0.23 0.08
0.23 0.07
0.225 0.075
0.25 0.095
0.205 0.095
0.245 0.09
0.25 0.09
0.255 0.095
0.255 0.085
0.27 0.075
0.255 0.09
0.27 0.085
0.27 0.085
0.27 0.085
0.265 0.085
0.29 0.09
0.28 0.085
0.29 0.095
0.29 0.085
0.275 0.09
0.275 0.095
0.28 0.08
0.27 0.085
0.275 0.11
0.27 0.08
0.29 0.09
0.28 0.085
0.3 0.095
0.28 0.09
0.3 0.095
0.305 0.105
0.295 0.095
0.27 0.1
0.29 0.1
0.285 0.09
0.335 0.11
0.305 0.09
0.325 0.11
0.32 0.1
0.31 0.09
0.34 0
0.315 0.095
0.315 0.11
0.34 0.12
0.33 0.105
0.345 0.105
0.365 0.115
0.33 0.1
0.36 0.105
0.35 0.105
0.365 0.125
0.34 0.11
0.365 0.1
0.355 0.18
0.355 0.12
0.355 0.1
0.38 0.12
0.36 0.11
0.37 0.125
0.355 0.115
0.365 0.1
0.355 0.12
0.38 0.13
0.395 0.12
0.38 0.135
0.42 0.135
0.375 0.145
0.41 0.14
0.375 0.125
0.395 0.14
0.405 0.13
0.38 0.12
0.395 0.105
0.38 0.12
0.42 0.135
0.4 0.135
0.4 0.13
0.395 0.125
0.4 0.125
0.42 0.155
0.415 0.13
0.42 0.155
0.415 0.11
0.425 0.13
0.4 0.135
0.415 0.15
0.41 0.13
0.435 0.15
0.42 0.145
0.42 0.14
0.435 0.135
0.445 0.15
0.43 0.15
0.405 0.135
0.43 0.145
0.405 0.125
0.43 0.15
0.435 0.14
0.425 0.135
0.44 0.14
0.43 0.155
0.43 0.14
0.425 0.145
0.425 0.135
0.425 0.145
0.445 0.155
0.455 0.145
0.44 0.175
0.45 0.145
0.445 0.15
0.39 0.125
0.45 0.145
0.45 0.135
0.46 0.135
0.435 0.17
0.44 0.13
0.435 0.125
0.42 0.135
0.48 0.165
0.46 0.155
0.46 0.155
0.455 0.135
0.445 0.15
0.465 0.155
0.49 0.185
0.475 0.16
0.46 0.165
0.47 0.165
0.475 0.15
0.45 0.18
0.445 0.135
0.47 0.18
0.455 0.155
0.465 0.15
0.465 0.155
0.475 0.17
0.48 0.155
0.475 0.15
0.465 0.155
0.455 0.145
0.46 0.155
0.485 0.15
0.49 0.14
0.435 0.13
0.475 0.175
0.47 0.16
0.45 0.15
0.48 0.165
0.475 0.17
0.465 0.15
0.48 0.17
0.46 0.16
0.475 0.155
0.47 0.165
0.5 0.17
0.475 0.165
0.475 0.17
0.48 0.175
0.475 0.155
0.51 0.175
0.495 0.18
0.5 0.15
0.475 0.16
0.455 0.17
0.505 0.175
0.515 0.16
0.48 0.155
0.485 0.17
0.505 0.18
0.485 0.145
0.475 0.145
0.495 0.16
0.49 0.16
0.5 0.165
0.495 0.175
0.475 0.17
0.51 0.155
0.565 0.23
0.525 0.18
0.51 0.16
0.5 0.195
0.525 0.16
0.505 0.165
0.59 0.22
0.525 0.175
0.51 0.19
0.51 0.17
0.525 0.19
0.535 0.205
0.52 0.19
0.49 0.175
0.495 0.21
0.515 0.17
0.53 0.18
0.53 0.225
0.505 0.175
0.545 0.185
0.545 0.205
0.565 0.19
0.545 0.13
0.565 0.515
0.555 0.215
0.57 0.18
0.55 0.17
0.575 0.17
0.575 0.215
0.6 0.2
0.58 0.19
0.565 0.205
0.57 0.215
0.61 0.235
0.65 0.25
0.105 0.035
0.165 0.06
0.265 0.135
0.255 0.08
0.27 0.095
0.28 0.085
0.3 0.09
0.295 0.09
0.29 0.11
0.3 0.09
0.31 0.095
0.29 0.09
0.3 0.105
0.32 0.095
0.315 0.115
0.34 0.105
0.34 0.105
0.34 0.105
0.32 0.12
0.365 0.11
0.335 0.125
0.335 0.135
0.355 0.11
0.345 0.14
0.35 0.125
0.355 0.12
0.37 0.125
0.365 0.115
0.365 0.115
0.36 0.125
0.38 0.12
0.39 0.085
0.37 0.13
0.38 0.12
0.385 0.105
0.38 0.135
0.395 0.125
0.425 0.145
0.4 0.125
0.4 0.125
0.4 0.14
0.43 0.13
0.4 0.125
0.41 0.14
0.43 0.14
0.425 0.16
0.43 0.15
0.435 0.15
0.445 0.15
0.465 0.15
0.46 0.165
0.46 0.175
0.435 0.14
0.455 0.15
0.44 0.15
0.465 0.15
0.46 0.145
0.455 0.16
0.455 0.155
0.465 0.2
0.485 0.165
0.485 0.16
0.515 0.17
0.485 0.17
0.475 0.13
0.485 0.155
0.435 0.155
0.48 0.165
0.52 0.175
0.47 0.18
0.47 0.145
0.5 0.175
0.455 0.15
0.48 0.15
0.49 0.225
0.505 0.145
0.51 0.185
0.515 0.205
0.515 0.175
0.51 0.155
0.505 0.165
0.545 0.175
0.515 0.175
0.5 0.16
0.485 0.14
0.54 0.215
0.51 0.215
0.505 0.165
0.515 0.18
0.545 0.2
0.51 0.175
0.5 0.19
0.5 0.185
0.515 0.17
0.525 0.2
0.55 0.17
0.555 0.2
0.56 0.165
0.565 0.2
0.575 0.24
0.57 0.18
0.55 0.18
0.17 0.045
0.21 0.055
0.215 0.07
0.23 0.085
0.225 0.09
0.255 0.08
0.26 0.075
0.27 0.075
0.26 0.09
0.27 0.095
0.275 0.075
0.265 0.075
0.27 0.085
0.27 0.095
0.28 0.08
0.285 0.095
0.29 0.1
0.29 0.09
0.28 0.095
0.3 0.09
0.3 0.09
0.285 0.1
0.29 0.1
0.3 0.09
0.3 0.09
0.325 0.1
0.325 0.11
0.315 0.08
0.335 0.1
0.325 0.11
0.34 0.095
0.335 0.11
0.36 0.115
0.35 0.11
0.355 0.11
0.37 0.12
0.345 0.11
0.355 0.125
0.36 0.145
0.36 0.1
0.36 0.125
0.37 0.125
0.37 0.12
0.355 0.16
0.375 0.13
0.375 0.115
0.4 0.135
0.37 0.125
0.4 0.105
0.4 0.12
0.39 0.12
0.375 0.14
0.395 0.13
0.375 0.11
0.36 0.125
0.35 0.105
0.395 0.125
0.39 0.125
0.41 0.145
0.39 0.13
0.415 0.145
0.39 0.12
0.38 0.135
0.4 0.14
0.4 0.155
0.42 0.12
0.43 0.135
0.4 0.145
0.42 0.13
0.4 0.13
0.43 0.17
0.425 0.14
0.43 0.14
0.455 0.14
0.42 0.14
0.425 0.13
0.425 0.135
0.4 0.13
0.375 0.12
0.42 0.125
0.435 0.14
0.425 0.15
0.42 0.135
0.415 0.145
0.425 0.15
0.395 0.13
0.435 0.14
0.46 0.145
0.445 0.15
0.44 0.13
0.425 0.135
0.42 0.155
0.44 0.15
0.44 0.125
0.43 0.15
0.45 0.135
0.45 0.14
0.435 0.17
0.43 0.145
0.445 0.155
0.445 0.145
0.455 0.165
0.425 0.135
0.47 0.155
0.45 0.125
0.47 0.185
0.465 0.195
0.445 0.17
0.45 0.135
0.435 0.15
0.445 0.16
0.44 0.16
0.435 0.15
0.46 0.155
0.43 0.13
0.445 0.125
0.445 0.14
0.49 0.165
0.45 0.145
0.46 0.145
0.435 0.15
0.45 0.14
0.45 0.145
0.46 0.15
0.46 0.155
0.475 0.15
0.48 0.165
0.48 0.17
0.48 0.18
0.47 0.165
0.47 0.16
0.455 0.145
0.475 0.145
0.47 0.145
0.48 0.14
0.47 0.155
0.505 0.18
0.475 0.155
0.465 0.16
0.485 0.15
0.47 0.16
0.475 0.16
0.465 0.125
0.47 0.17
0.485 0.18
0.47 0.16
0.475 0.175
0.485 0.18
0.515 0.155
0.515 0.175
0.54 0.165
0.49 0.16
0.48 0.18
0.47 0.14
0.45 0.135
0.48 0.15
0.48 0.175
0.49 0.165
0.475 0.16
0.5 0.17
0.47 0.155
0.485 0.175
0.485 0.15
0.505 0.17
0.5 0.18
0.49 0.17
0.485 0.165
0.495 0.175
0.5 0.165
0.5 0.17
0.49 0.175
0.49 0.17
0.505 0.165
0.515 0.18
0.525 0.185
0.505 0.15
0.5 0.175
0.5 0.19
0.51 0.19
0.51 0.195
0.51 0.16
0.51 0.16
0.5 0.175
0.51 0.19
0.485 0.15
0.48 0.19
0.495 0.155
0.505 0.19
0.525 0.185
0.51 0.16
0.55 0.18
0.51 0.15
0.505 0.19
0.505 0.195
0.5 0.165
0.535 0.175
0.53 0.195
0.51 0.165
0.525 0.175
0.505 0.16
0.505 0.16
0.52 0.175
0.5 0.175
0.505 0.16
0.52 0.165
0.52 0.19
0.55 0.155
0.54 0.195
0.525 0.16
0.51 0.195
0.52 0.195
0.51 0.2
0.52 0.15
0.565 0.175
0.55 0.2
0.565 0.175
0.535 0.175
0.545 0.17
0.575 0.215
0.57 0.195
0.54 0.205
0.56 0.22
0.57 0.2
0.55 0.205
0.525 0.18
0.565 0.21
0.56 0.19
0.59 0.215
0.565 0.205
0.565 0.215
0.595 0.205
0.62 0.195
0.63 0.25
0.175 0.09
0.245 0.1
0.27 0.135
0.28 0.125
0.3 0.12
0.32 0.12
0.335 0.105
0.325 0.135
0.345 0.11
0.325 0.14
0.36 0.115
0.365 0.105
0.37 0.155
0.345 0.16
0.355 0.16
0.37 0.15
0.35 0.155
0.395 0.135
0.365 0.17
0.38 0.125
0.41 0.14
0.425 0.135
0.385 0.18
0.42 0.165
0.415 0.2
0.385 0.15
0.38 0.165
0.42 0.16
0.455 0.175
0.44 0.185
0.45 0.13
0.43 0.17
0.455 0.145
0.45 0.15
0.495 0.175
0.465 0.165
0.475 0.175
0.475 0.15
0.475 0.15
0.455 0.145
0.47 0.145
0.495 0.175
0.49 0.185
0.495 0.195
0.475 0.15
0.475 0.14
0.5 0.16
0.525 0.19
0.485 0.16
0.52 0.2
0.545 0.19
0.515 0.185
0.53 0.175
0.535 0.175
0.55 0.185
0.53 0.19
0.545 0.18
0.55 0.195
0.56 0.18
0.575 0.21
0.135 0.04
0.18 0.055
0.215 0.075
0.26 0.085
0.265 0.08
0.27 0.085
0.275 0.085
0.27 0.075
0.31 0.105
0.3 0.09
0.315 0.095
0.335 0.105
0.31 0.09
0.31 0.1
0.31 0.095
0.325 0.1
0.34 0.1
0.335 0.1
0.33 0.11
0.33 0.105
0.345 0.12
0.33 0.11
0.37 0.11
0.375 0.12
0.34 0.105
0.385 0.13
0.36 0.12
0.37 0.115
0.38 0.135
0.38 0.145
0.375 0.14
0.38 0.11
0.405 0.13
0.4 0.145
0.4 0.12
0.415 0.135
0.42 0.15
0.385 0.11
0.41 0.11
0.415 0.14
0.395 0.125
0.38 0.115
0.385 0.115
0.415 0.12
0.405 0.145
0.4 0.145
0.43 0.14
0.43 0.16
0.395 0.13
0.405 0.12
0.455 0.14
0.425 0.16
0.395 0.135
0.39 0.125
0.425 0.14
0.43 0.14
0.435 0.14
0.45 0.13
0.435 0.14
0.41 0.125
0.4 0.13
0.45 0.175
0.455 0.135
0.445 0.165
0.445 0.125
0.415 0.125
0.455 0.155
0.435 0.145
0.45 0.16
0.46 0.155
0.46 0.155
0.455 0.155
0.44 0.175
0.415 0.13
0.44 0.12
0.45 0.13
0.45 0.155
0.435 0.135
0.455 0.155
0.445 0.145
0.465 0.175
0.45 0.135
0.45 0.135
0.43 0.155
0.475 0.145
0.45 0.195
0.5 0.165
0.44 0.15
0.44 0.145
0.44 0.16
0.455 0.15
0.47 0.135
0.46 0.17
0.475 0.15
0.465 0.16
0.49 0.165
0.455 0.145
0.47 0.18
0.48 0.14
0.46 0.145
0.46 0.155
0.47 0.165
0.47 0.145
0.47 0.15
0.495 0.16
0.495 0.2
0.49 0.16
0.49 0.15
0.495 0.17
0.495 0.195
0.47 0.15
0.485 0.155
0.495 0.155
0.515 0.17
0.505 0.185
0.445 0.16
0.52 0.18
0.47 0.145
0.49 0.155
0.485 0.165
0.52 0.165
0.505 0.155
0.525 0.16
0.5 0.165
0.515 0.165
0.53 0.165
0.48 0.145
0.515 0.165
0.49 0.135
0.49 0.155
0.485 0.185
0.51 0.18
0.49 0.175
0.52 0.21
0.52 0.15
0.51 0.155
0.51 0.185
0.515 0.18
0.525 0.175
0.52 0.17
0.535 0.205
0.51 0.175
0.5 0.15
0.515 0.2
0.525 0.18
0.53 0.205
0.515 0.15
0.51 0.185
0.54 0.19
0.54 0.155
0.535 0.155
0.55 0.18
0.545 0.185
0.575 0.205
0.55 0.175
0.55 0.195
0.535 0.22
0.575 0.18
0.565 0.19
0.57 0.205
0.55 0.195
0.605 0.215
0.13 0.04
0.11 0.025
0.15 0.055
0.21 0.075
0.2 0.065
0.215 0.06
0.21 0.07
0.21 0.06
0.21 0.065
0.24 0.07
0.25 0.07
0.25 0.08
0.235 0.08
0.25 0.07
0.27 0.105
0.27 0.085
0.27 0.085
0.28 0.08
0.275 0.085
0.29 0.095
0.25 0.09
0.325 0.11
0.315 0.095
0.32 0.11
0.325 0.12
0.33 0.105
0.35 0.11
0.365 0.135
0.375 0.105
0.365 0.12
0.39 0.12
0.395 0.135
0.385 0.115
0.455 0.135
0.4 0.14
0.41 0.13
0.43 0.15
0.405 0.13
0.44 0.14
0.47 0.15
0.41 0.16
0.445 0.145
0.435 0.15
0.46 0.16
0.465 0.165
0.45 0.14
0.445 0.14
0.49 0.16
0.515 0.18
0.515 0.195
0.19 0.06
0.195 0.065
0.215 0.08
0.215 0.07
0.255 0.085
0.24 0.07
0.28 0.1
0.295 0.1
0.305 0.16
0.31 0.09
0.305 0.12
0.315 0.115
0.305 0.115
0.32 0.12
0.35 0.13
0.355 1.13
0.345 0.12
0.345 0.11
0.36 0.11
0.355 0.09
0.38 0.14
0.35 0.135
0.39 0.135
0.37 0.11
0.39 0.135
0.38 0.14
0.385 0.13
0.385 0.1
0.42 0.125
0.42 0.13
0.385 0.14
0.42 0.13
0.43 0.16
0.41 0.13
0.42 0.115
0.44 0.135
0.45 0.12
0.435 0.15
0.485 0.15
0.465 0.15
0.47 0.19
0.43 0.14
0.48 0.165
0.49 0.16
0.495 0.15
0.5 0.14
0.525 0.21
0.55 0.2
0.54 0.195
0.57 0.185
0.5 0.15
0.585 0.22
0.575 0.215
0.555 0.18
0.57 0.22
0.39 0.115
0.425 0.13
0.385 0.115
0.305 0.09
0.3 0.1
0.39 0.145
0.33 0.08
0.35 0.1
0.31 0.115
0.29 0.1
0.38 0.155
0.31 0.11
0.29 0.1
0.385 0.125
0.48 0.185
0.455 0.155
0.55 0.18
0.535 0.225
0.49 0.17
0.25 0.055
0.355 0.08
0.405 0.13
0.29 0.09
0.095 0.035
0.13 0.045
0.225 0.05
0.29 0.08
0.38 0.12
0.37 0.125
0.325 0.1
0.36 0.11
0.35 0.12
0.21 0.075
0.295 0.095
0.375 0.115
0.4 0.125
0.31 0.1
0.51 0.175
0.47 0.15
0.455 0.14
0.24 0.08
0.41 0.125
0.35 0.11
0.33 0.115
0.425 0.1
0.425 0.125
0.455 0.175
0.465 0.18
0.53 0.205
0.36 0.125
0.24 0.075
0.35 0.11
0.37 0.105
0.35 0.105
0.325 0.115
0.35 0.12
0.375 0.135
0.31 0.09
0.195 0.07
0.355 0.11
0.585 0.19
0.3 0.115
0.2 0.075
0.44 0.135
0.46 0.165
0.5 0.165
0.495 0.175
0.42 0.195
0.51 0.2
0.55 0.2
0.565 0.24
0.565 0.195
0.47 0.15
0.305 0.09
0.45 0.16
0.28 0.085
0.275 0.085
0.235 0.085
0.115 0.015
0.21 0.075
0.13 0.03
0.15 0.03
0.465 0.125
0.5 0.17
0.45 0.185
0.45 0.17
0.45 0.235
0.48 0.2
0.47 0.25
0.42 0.165
0.42 0.165
0.43 0.16
0.4 0.155
0.235 0.08
0.34 0.12
0.4 0.125
0.385 0.135
0.37 0.135
0.37 0.14
0.47 0.165
0.495 0.185
0.485 0.165
0.17 0.055
0.325 0.11
0.215 0.08
0.28 0.09
0.305 0.105
0.19 0.08
0.55 0.2
0.515 0.195
0.49 0.215
0.405 0.16
0.48 0.19
0.345 0.105
0.22 0.08
0.225 0.075
0.34 0.115
0.525 0.215
0.465 0.18
0.505 0.2
0.47 0.195
0.495 0.235
0.51 0.23
0.325 0.12
0.35 0.14
0.26 0.08
0.415 0.13
0.39 0.15
0.375 0.145
0.46 0.145
0.465 0.175
0.525 0.195
0.455 0.18
0.425 0.145
0.475 0.155
0.28 0.11
0.2 0.075
0.39 0.175
0.28 0.095
0.43 0.165
0.4 0.165
0.445 0.18
0.475 0.17
0.45 0.165
0.48 0.175
0.435 0.185
0.465 0.19
0.335 0.11
0.36 0.115
0.315 0.125
0.32 0.12
0.38 0.135
0.36 0.13
0.28 0.1
0.375 0.14
0.325 0.11
0.365 0.12
0.27 0.09
0.455 0.165
0.59 0.2
0.485 0.175
0.46 0.17
0.5 0.2
0.495 0.18
0.395 0.145
0.38 0.135
0.415 0.165
0.335 0.115
0.465 0.16
0.46 0.175
0.43 0.16
0.455 0.16
0.51 0.15
0.45 0.16
0.575 0.215
0.51 0.175
0.48 0.175
0.445 0.175
0.45 0.16
0.475 0.18
0.41 0.17
0.51 0.21
0.52 0.15
0.57 0.2
0.525 0.185
0.48 0.23
0.475 0.18
0.405 0.13
0.405 0.135
0.375 0.13
0.415 0.14
0.385 0.13
0.345 0.12
0.315 0.105
0.33 0.1
0.395 0.15
0.305 0.105
0.265 0.09
0.475 0.155
0.27 0.1
0.375 0.12
0.3 0.09
0.26 0.09
0.425 0.12
0.415 0.145
0.45 0.135
0.36 0.12
0.325 0.1
0.385 0.125
0.405 0.13
0.425 0.15
0.375 0.13
0.455 0.12
0.49 0.135
0.415 0.135
0.5 0.165
0.375 0.135
0.355 0.13
0.375 0.13
0.35 0.11
0.265 0.11
0.24 0.07
0.47 0.145
0.475 0.135
0.435 0.15
0.435 0.155
0.42 0.14
0.385 0.135
0.395 0.145
0.31 0.1
0.395 0.135
0.435 0.135
0.325 0.105
0.535 0.19
0.305 0.105
0.345 0.115
0.395 0.135
0.425 0.145
0.39 0.145
0.345 0.115
0.46 0.155
0.42 0.135
0.55 0.22
0.63 0.195
0.49 0.15
0.48 0.175
0.455 0.165
0.485 0.195
0.52 0.2
0.47 0.17
0.24 0.09
0.185 0.07
0.125 0.055
0.55 0.17
0.565 0.195
0.43 0.125
0.4 0.13
0.43 0.165
0.36 0.105
0.435 0.17
0.475 0.16
0.53 0.19
0.56 0.175
0.495 0.15
0.44 0.135
0.47 0.15
0.455 0.125
0.485 0.21
0.525 0.2
0.44 0.175
0.45 0.155
0.525 0.205
0.475 0.195
0.47 0.2
0.505 0.165
0.57 0.23
0.545 0.16
0.595 0.225
0.44 0.17
0.325 0.115
0.125 0.05
0.325 0.11
0.405 0.15
0.335 0.11
0.275 0.09
0.34 0.11
0.41 0.155
0.325 0.115
0.265 0.09
0.135 0.04
0.115 0.025
0.43 0.15
0.39 0.135
0.345 0.105
0.345 0.115
0.365 0.14
0.35 0.135
0.375 0.14
0.34 0.125
0.35 0.125
0.29 0.09
0.25 0.09
0.22 0.09
0.46 0.16
0.475 0.17
0.465 0.155
0.505 0.19
0.385 0.155
0.43 0.17
0.33 0.1
0.415 0.155
0.355 0.165
0.225 0.08
0.455 0.17
0.515 0.145
0.46 0.185
0.43 0.175
0.485 0.17
0.5 0.15
0.375 0.115
0.395 0.12
0.245 0.095
0.38 0.145
0.305 0.11
0.315 0.105
0.315 0.125
0.235 0.06
0.35 0.13
0.36 0.12
0.255 0.085
0.415 0.16
0.365 0.13
0.315 0.11
0.2 0.065
0.45 0.17
0.435 0.155
0.19 0.075
0.385 0.125
0.255 0.095
0.38 0.14
0.5 0.18
0.485 0.165
0.515 0.18
0.5 0.18
0.38 0.135
0.4 0.16
0.24 0.095
0.4 0.17
0.255 0.1
0.355 0.125
0.415 0.17
0.355 0.125
0.335 0.14
0.355 0.14
0.38 0.135
0.435 0.17
0.205 0.08
0.265 0.09
0.285 0.105
0.33 0.125
0.26 0.09
0.305 0.105
0.2 0.08
0.2 0.065
0.17 0.065
0.18 0.06
0.185 0.065
0.145 0.05
0.47 0.17
0.35 0.14
0.385 0.13
0.325 0.08
0.405 0.14
0.405 0.14
0.39 0.13
0.325 0.12
0.415 0.14
0.275 0.08
0.415 0.13
0.475 0.17
0.44 0.175
0.515 0.175
0.47 0.175
0.49 0.145
0.455 0.165
0.485 0.155
0.42 0.155
0.355 0.18
0.44 0.155
0.425 0.145
0.285 0.095
0.4 0.165
0.415 0.175
0.36 0.135
0.26 0.09
0.4 0.145
0.51 0.185
0.385 0.145
0.39 0.135
0.325 0.115
0.395 0.165
0.38 0.145
0.31 0.1
0.305 0.13
0.36 0.16
0.4 0.13
0.4 0.155
0.4 0.14
0.41 0.145
0.39 0.125
0.26 0.08
0.21 0.07
0.23 0.075
0.24 0.105
0.255 0.075
0.3 0.075
0.325 0.1
0.315 0.105
0.315 0.09
0.32 0.1
0.31 0.105
0.375 0.11
0.35 0.135
0.37 0.11
0.375 0.12
0.365 0.12
0.37 0.135
0.4 0.13
0.39 0.185
0.425 0.19
0.42 0.12
0.45 0.15
0.44 0.15
0.46 0.18
0.455 0.16
0.48 0.16
0.49 0.185
0.475 0.135
0.5 0.155
0.485 0.165
0.475 0.175
0.49 0.155
0.5 0.185
0.585 0.195
0.5 0.18
0.545 0.165
0.525 0.215
0.535 0.2
0.555 0.205
0.55 0.175
0.55 0.18
0.53 0.2
0.525 0.19
0.57 0.165
0.15 0.065
0.17 0.07
0.18 0.05
0.195 0.07
0.21 0.055
0.22 0.08
0.22 0.07
0.225 0.075
0.235 0.07
0.265 0.07
0.29 0.08
0.285 0.085
0.295 0.1
0.31 0.065
0.325 0.1
0.335 0.11
0.345 0.115
0.325 0.1
0.355 0.12
0.35 0.125
0.35 0.12
0.35 0.12
0.35 0.115
0.345 0.12
0.345 0.115
0.355 0.11
0.34 0.105
0.385 0.11
0.355 0.105
0.37 0.1
0.375 0.145
0.38 0.11
0.385 0.12
0.395 0.12
0.415 0.135
0.425 0.125
0.42 0.17
0.41 0.14
0.405 0.15
0.435 0.14
0.425 0.125
0.425 0.14
0.445 0.15
0.435 0.14
0.45 0.155
0.445 0.145
0.45 0.16
0.465 0.14
0.47 0.155
0.465 0.15
0.465 0.15
0.46 0.145
0.46 0.15
0.46 0.15
0.48 0.15
0.485 0.16
0.5 0.165
0.47 0.155
0.51 0.175
0.485 0.175
0.475 0.16
0.48 0.17
0.49 0.165
0.49 0.175
0.495 0.2
0.495 0.145
0.48 0.165
0.495 0.18
0.495 0.195
0.49 0.16
0.5 0.175
0.5 0.185
0.52 0.19
0.545 0.205
0.54 0.185
0.55 0.155
0.525 0.175
0.575 0.205
0.56 0.205
0.585 0.18
0.6 0.215
0.16 0.05
0.205 0.07
0.21 0.06
0.24 0.075
0.285 0.095
0.29 0.1
0.315 0.1
0.33 0.115
0.34 0.1
0.32 0.1
0.34 0.1
0.335 0.115
0.345 0.11
0.37 0.12
0.355 0.105
0.365 0.1
0.375 0.115
0.375 0.13
0.375 0.125
0.38 0.11
0.38 0.12
0.39 0.125
0.38 0.12
0.4 0.135
0.395 0.155
0.385 0.15
0.4 0.125
0.395 0.135
0.43 0.14
0.42 0.145
0.42 0.12
0.4 0.14
0.42 0.13
0.44 0.135
0.425 0.13
0.43 0.13
0.45 0.18
0.45 0.135
0.43 0.16
0.48 0.15
0.455 0.13
0.45 0.15
0.435 0.14
0.47 0.15
0.46 0.14
0.46 0.16
0.465 0.15
0.47 0.165
0.46 0.14
0.49 0.21
0.48 0.15
0.475 0.17
0.45 0.15
0.47 0.155
0.475 0.175
0.49 0.155
0.48 0.15
0.495 0.185
0.49 0.155
0.48 0.145
0.505 0.15
0.51 0.175
0.465 0.15
0.515 0.16
0.48 0.15
0.52 0.18
0.515 0.125
0.52 0.175
0.535 0.175
0.51 0.155
0.49 0.155
0.515 0.165
0.505 0.165
0.5 0.2
0.51 0.18
0.55 0.19
0.52 0.165
0.53 0.18
0.525 0.175
0.55 0.2
0.53 0.19
0.55 0.2
0.57 0.175
0.575 0.22
0.555 0.215
0.14 0.03
0.15 0.045
0.175 0.06
0.215 0.065
0.25 0.08
0.245 0.085
0.255 0.095
0.255 0.08
0.26 0.08
0.275 0.09
0.29 0.14
0.275 0.095
0.3 0.125
0.285 0.085
0.32 0.1
0.305 0.1
0.305 0.1
0.31 0.11
0.305 0.1
0.3 0.09
0.315 0.1
0.325 0.11
0.335 0.1
0.325 0.115
0.315 0.11
0.34 0.11
0.36 0.11
0.325 0.115
0.335 0.095
0.34 0.115
0.35 0.1
0.345 0.105
0.355 0.115
0.375 0.12
0.38 0.125
0.365 0.14
0.365 0.125
0.385 0.125
0.38 0.135
0.385 0.145
0.395 0.135
0.41 0.14
0.39 0.11
0.385 0.13
0.415 0.15
0.4 0.13
0.375 0.12
0.43 0.155
0.44 0.15
0.43 0.145
0.425 0.145
0.42 0.155
0.425 0.135
0.465 0.15
0.435 0.145
0.445 0.175
0.44 0.14
0.435 0.135
0.43 0.15
0.445 0.155
0.435 0.155
0.44 0.175
0.465 0.145
0.425 0.15
0.46 0.145
0.465 0.165
0.42 0.145
0.455 0.13
0.47 0.145
0.475 0.14
0.475 0.14
0.48 0.09
0.495 0.185
0.45 0.145
0.51 0.185
0.48 0.185
0.45 0.13
0.46 0.15
0.465 0.14
0.48 0.165
0.5 0.14
0.49 0.165
0.505 0.175
0.475 0.155
0.47 0.15
0.525 0.195
0.505 0.155
0.485 0.15
0.495 0.17
0.495 0.17
0.515 0.08
0.52 0.155
0.51 0.175
0.505 0.19
0.525 0.2
0.525 0.17
0.54 0.205
0.54 0.205
0.565 0.2
0.55 0.205
0.57 0.19
0.17 0.05
0.195 0.055
0.2 0.055
0.235 0.09
0.24 0.075
0.225 0.075
0.27 0.09
0.265 0.095
0.285 0.09
0.29 0.09
0.335 0.105
0.35 0.105
0.365 0.115
0.375 0.12
0.365 0.13
0.375 0.12
0.4 0.105
0.395 0.145
0.43 0.135
0.405 0.14
0.42 0.14
0.415 0.15
0.425 0.13
0.42 0.14
0.445 0.16
0.445 0.135
0.47 0.155
0.455 0.15
0.485 0.155
0.435 0.16
0.475 0.175
0.45 0.16
0.475 0.19
0.48 0.17
0.475 0.175
0.5 0.13
0.485 0.16
0.49 0.165
0.485 0.16
0.51 0.185
0.49 0.16
0.49 0.16
0.525 0.19
0.515 0.155
0.515 0.17
0.515 0.19
0.54 0.195
0.565 0.18
0.55 0.18
0.565 0.17
0.57 0.21
0.595 0.19
0.23 0.07
0.235 0.075
0.205 0.08
0.25 0.075
0.26 0.09
0.28 0.085
0.27 0.09
0.28 0.085
0.315 0.09
0.305 0.095
0.34 0.1
0.335 0.095
0.31 0.09
0.36 0.14
0.35 0.11
0.385 0.13
0.375 0.11
0.375 0.12
0.39 0.13
0.37 0.12
0.425 0.125
0.4 0.125
0.365 0.115
0.4 0.145
0.4 0.125
0.4 0.11
0.465 0.15
0.38 0.125
0.405 0.15
0.445 0.125
0.425 0.13
0.415 0.11
0.43 0.13
0.43 0.15
0.435 0.165
0.425 0.13
0.435 0.14
0.43 0.13
0.435 0.13
0.425 0.15
0.455 0.16
0.45 0.165
0.465 0.15
0.46 0.15
0.45 0.17
0.45 0.15
0.445 0.15
0.44 0.125
0.45 0.135
0.5 0.15
0.46 0.125
0.475 0.145
0.47 0.155
0.46 0.17
0.445 0.135
0.48 0.17
0.45 0.195
0.45 0.15
0.465 0.165
0.495 0.17
0.49 0.18
0.48 0.155
0.425 0.155
0.47 0.195
0.48 0.14
0.49 0.16
0.475 0.175
0.515 0.135
0.455 0.15
0.495 0.165
0.475 0.15
0.475 0.195
0.495 0.175
0.515 0.165
0.5 0.16
0.49 0.145
0.49 0.12
0.48 0.165
0.53 0.18
0.485 0.185
0.51 0.17
0.485 0.19
0.52 0.175
0.485 0.18
0.5 0.19
0.515 0.16
0.505 0.18
0.575 0.175
0.485 0.15
0.52 0.17
0.495 0.19
0.52 0.195
0.565 0.2
0.5 0.205
0.515 0.2
0.525 0.16
0.525 0.18
0.51 0.175
0.485 0.175
0.525 0.19
0.525 0.17
0.525 0.195
0.54 0.175
0.515 0.16
0.505 0.17
0.505 0.19
0.515 0.18
0.55 0.175
0.58 0.19
0.59 0.205
0.575 0.2
0.215 0.095
0.345 0.115
0.33 0.1
0.365 0.155
0.355 0.155
0.37 0.115
0.38 0.13
0.37 0.21
0.41 0.135
0.4 0.15
0.4 0.135
0.405 0.175
0.405 0.19
0.425 0.15
0.425 0.135
0.44 0.14
0.485 0.15
0.43 0.165
0.43 0.21
0.475 0.175
0.485 0.17
0.5 0.17
0.49 0.11
0.51 0.17
0.525 0.18
0.485 0.16
0.495 0.165
0.505 0.185
0.505 0.175
0.515 0.17
0.54 0.21
0.545 0.185
0.585 0.225
0.615 0.205
0.185 0.065
0.26 0.08
0.285 0.09
0.3 0.1
0.28 0.09
0.3 0.09
0.32 0.11
0.335 0.105
0.325 0.105
0.32 0.105
0.33 0.115
0.34 0.125
0.355 0.105
0.37 0.11
0.375 0.125
0.375 0.11
0.33 0.1
0.375 0.115
0.38 0.135
0.385 0.125
0.41 0.14
0.395 0.115
0.4 0.11
0.42 0.145
0.41 0.12
0.42 0.19
0.405 0.15
0.445 0.145
0.45 0.145
0.44 0.135
0.45 0.145
0.47 0.14
0.47 0.15
0.43 0.13
0.445 0.14
0.445 0.16
0.435 0.155
0.45 0.175
0.435 0.165
0.47 0.145
0.405 0.15
0.47 0.175
0.48 0.14
0.46 0.16
0.45 0.14
0.45 0.15
0.495 0.16
0.485 0.215
0.49 0.17
0.475 0.16
0.515 0.155
0.515 0.175
0.495 0.18
0.505 0.165
0.49 0.155
0.5 0.18
0.485 0.145
0.5 0.15
0.505 0.17
0.51 0.175
0.54 0.165
0.49 0.16
0.455 0.17
0.53 0.18
0.525 0.155
0.52 0.145
0.52 0.185
0.56 0.195
0.51 0.165
0.535 0.2
0.555 0.22
0.56 0.175
0.55 0.205
0.575 0.2
0.17 0.05
0.17 0.05
0.185 0.06
0.27 0.075
0.31 0.095
0.32 0.085
0.35 0.11
0.355 0.14
0.38 0.12
0.395 0.125
0.43 0.15
0.4 0.13
0.415 0.12
0.395 0.115
0.435 0.145
0.43 0.15
0.48 0.15
0.43 0.125
0.455 0.145
0.465 0.18
0.5 0.18
0.525 0.2
0.215 0.06
0.22 0.065
0.275 0.1
0.285 0.08
0.29 0.085
0.3 0.12
0.325 0.105
0.32 0.115
0.325 0.105
0.34 0.1
0.34 0.12
0.405 0.135
0.36 0.1
0.415 0.145
0.4 0.135
0.4 0.13
0.425 0.14
0.42 0.15
0.45 0.135
0.45 0.135
0.46 0.15
0.495 0.155
0.485 0.155
0.495 0.19
0.49 0.17
0.515 0.165
0.505 0.16
0.53 0.17
0.39 0.1
0.36 0.125
0.35 0.125
0.42 0.125
0.36 0.105
0.4 0.14
0.26 0.09
0.425 0.16
0.135 0.08
0.165 0.055
0.15 0.04
0.48 0.2
0.42 0.17
0.45 0.15
0.5 0.18
0.53 0.195
0.54 0.215
0.505 0.165
0.5 0.175
0.375 0.105
0.335 0.1
0.41 0.13
0.395 0.125
0.44 0.165
0.35 0.09
0.435 0.11
0.255 0.085
0.2 0.065
0.22 0.07
0.49 0.14
0.44 0.125
0.475 0.19
0.41 0.115
0.54 0.175
0.49 0.155
0.47 0.115
0.45 0.155
0.465 0.155
0.405 0.16
0.405 0.18
0.265 0.09
0.355 0.12
0.405 0.12
0.38 0.13
0.41 0.135
0.3 0.1
0.195 0.07
0.295 0.1
0.385 0.135
0.505 0.165
0.44 0.115
0.545 0.175
0.415 0.15
0.36 0.11
0.385 0.135
0.575 0.23
0.405 0.15
0.145 0.025
0.515 0.18
0.405 0.115
0.435 0.185
0.47 0.16
0.405 0.175
0.245 0.075
0.235 0.075
0.335 0.14
0.38 0.155
0.405 0.16
0.3 0.1
0.485 0.22
0.505 0.185
0.53 0.185
0.265 0.095
0.215 0.075
0.38 0.125
0.25 0.08
0.34 0.125
0.45 0.14
0.48 0.165
0.46 0.17
0.42 0.14
0.495 0.16
0.485 0.175
0.51 0.19
0.34 0.12
0.505 0.19
0.525 0.175
0.4 0.145
0.305 0.09
0.435 0.195
0.415 0.175
0.525 0.2
0.35 0.12
0.32 0.13
0.35 0.135
0.325 0.125
0.505 0.19
0.455 0.15
0.325 0.12
0.41 0.15
0.48 0.19
0.485 0.205
0.535 0.155
0.285 0.1
0.51 0.155
0.53 0.15
0.54 0.185
0.435 0.135
0.525 0.19
0.48 0.19
0.51 0.16
0.555 0.205
0.55 0.16
0.435 0.16
0.495 0.19
0.5 0.165
0.24 0.09
0.35 0.125
0.375 0.125
0.38 0.13
0.35 0.105
0.35 0.105
0.23 0.075
0.48 0.15
0.385 0.11
0.375 0.125
0.505 0.165
0.435 0.125
0.52 0.19
0.485 0.145
0.45 0.115
0.5 0.14
0.38 0.135
0.385 0.135
0.335 0.115
0.31 0.125
0.465 0.145
0.475 0.13
0.425 0.155
0.36 0.125
0.375 0.14
0.405 0.14
0.355 0.11
0.385 0.125
0.39 0.14
0.415 0.16
0.53 0.19
0.54 0.185
0.45 0.17
0.475 0.165
0.475 0.155
0.44 0.155
0.57 0.185
0.51 0.175
0.46 0.13
0.475 0.145
0.42 0.16
0.395 0.12
0.405 0.13
0.375 0.15
0.455 0.185
0.5 0.16
0.45 0.12
0.485 0.165
0.5 0.19
0.5 0.175
0.485 0.175
0.5 0.205
0.525 0.19
0.575 0.175
0.45 0.185
0.435 0.14
0.445 0.175
0.3 0.115
0.325 0.135
0.2 0.08
0.355 0.12
0.485 0.165
0.38 0.135
0.41 0.15
0.31 0.11
0.355 0.115
0.26 0.09
0.35 0.14
0.2 0.065
0.125 0.04
0.555 0.2
0.425 0.155
0.385 0.14
0.37 0.13
0.3 0.105
0.28 0.1
0.265 0.09
0.415 0.135
0.48 0.2
0.475 0.17
0.435 0.15
0.305 0.125
0.34 0.18
0.34 0.125
0.36 0.125
0.3 0.105
0.325 0.135
0.35 0.125
0.525 0.18
0.525 0.175
0.475 0.185
0.435 0.145
0.39 0.135
0.33 0.095
0.365 0.11
0.38 0.145
0.38 0.145
0.4 0.16
0.32 0.1
0.385 0.115
0.375 0.105
0.345 0.13
0.38 0.13
0.405 0.145
0.365 0.14
0.36 0.11
0.34 0.11
0.3 0.1
0.285 0.1
0.215 0.075
0.445 0.17
0.44 0.175
0.315 0.095
0.3 0.1
0.405 0.15
0.245 0.085
0.31 0.115
0.21 0.065
0.465 0.195
0.48 0.165
0.46 0.17
0.345 0.125
0.235 0.09
0.33 0.135
0.405 0.155
0.375 0.125
0.33 0.15
0.235 0.09
0.19 0.07
0.255 0.075
0.21 0.08
0.13 0.045
0.435 0.165
0.4 0.12
0.375 0.13
0.225 0.07
0.35 0.115
0.4 0.125
0.41 0.145
0.535 0.185
0.465 0.15
0.44 0.16
0.42 0.125
0.515 0.185
0.435 0.13
0.48 0.16
0.45 0.165
0.475 0.16
0.375 0.15
0.285 0.085
0.35 0.115
0.43 0.135
0.395 0.15
0.345 0.15
0.265 0.11
0.28 0.105
0.25 0.075
0.28 0.075
0.265 0.08
0.315 0.09
0.31 0.095
0.31 0.105
0.32 0.1
0.355 0.115
0.395 0.12
0.37 0.105
0.465 0.16
0.45 0.14
0.46 0.15
0.48 0.18
0.47 0.135
0.475 0.165
0.475 0.15
0.47 0.155
0.475 0.15
0.51 0.17
0.545 0.185
0.55 0.2
0.605 0.2
0.18 0.065
0.21 0.065
0.24 0.075
0.265 0.095
0.27 0.09
0.27 0.105
0.28 0.09
0.285 0.09
0.275 0.095
0.3 0.09
0.335 0.105
0.35 0.125
0.37 0.1
0.355 0.115
0.37 0.13
0.37 0.1
0.4 0.115
0.4 0.145
0.385 0.11
0.39 0.12
0.39 0.12
0.395 0.125
0.44 0.125
0.44 0.155
0.44 0.145
0.42 0.11
0.46 0.165
0.475 0.155
0.48 0.16
0.495 0.175
0.47 0.16
0.505 0.19
0.485 0.165
0.495 0.16
0.47 0.17
0.485 0.17
0.495 0.155
0.48 0.195
0.5 0.17
0.525 0.18
0.52 0.165
0.585 0.23
0.565 0.2
0.58 0.185
0.12 0.05
0.15 0.055
0.265 0.085
0.315 0.085
0.29 0.1
0.3 0.11
0.335 0.11
0.33 0.11
0.34 0.105
0.345 0.105
0.355 0.145
0.355 0.115
0.42 0.16
0.37 0.115
0.475 0.16
0.405 0.13
0.38 0.13
0.42 0.14
0.42 0.16
0.44 0.16
0.44 0.145
0.44 0.15
0.43 0.135
0.415 0.13
0.44 0.145
0.45 0.145
0.46 0.145
0.47 0.165
0.41 0.145
0.475 0.16
0.47 0.175
0.49 0.19
0.51 0.18
0.495 0.18
0.47 0.175
0.5 0.165
0.475 0.175
0.52 0.175
0.505 0.18
0.52 0.18
0.54 0.175
0.5 0.175
0.525 0.18
0.525 0.19
0.575 0.2
0.56 0.175
0.57 0.195
0.545 0.18
0.545 0.185
0.15 0.055
0.185 0.06
0.205 0.07
0.24 0.085
0.23 0.085
0.26 0.085
0.26 0.09
0.265 0.085
0.265 0.075
0.265 0.09
0.275 0.09
0.285 0.09
0.31 0.115
0.315 0.09
0.265 0.1
0.325 0.11
0.325 0.105
0.335 0.11
0.34 0.12
0.355 0.095
0.35 0.11
0.435 0.11
0.34 0.09
0.355 0.125
0.36 0.135
0.35 0.115
0.355 0.125
0.37 0.12
0.365 0.125
0.39 0.115
0.4 0.135
0.39 0.105
0.405 0.13
0.42 0.13
0.415 0.135
0.41 0.13
0.41 0.135
0.425 0.155
0.45 0.175
0.47 0.155
0.42 0.13
0.42 0.16
0.455 0.155
0.44 0.125
0.475 0.16
0.45 0.155
0.46 0.14
0.46 0.14
0.47 0.15
0.47 0.165
0.465 0.165
0.46 0.165
0.465 0.145
0.47 0.17
0.47 0.15
0.475 0.155
0.475 0.23
0.475 0.17
0.485 0.145
0.48 0.165
0.48 0.16
0.475 0.16
0.5 0.175
0.49 0.165
0.485 0.16
0.465 0.15
0.495 0.17
0.515 0.185
0.515 0.18
0.52 0.195
0.475 0.165
0.525 0.16
0.53 0.165
0.5 0.155
0.515 0.2
0.515 0.145
0.53 0.17
0.52 0.18
0.555 0.22
0.125 0.04
0.285 0.095
0.3 0.09
0.325 0.11
0.37 0.11
0.375 0.115
0.375 0.11
0.39 0.14
0.43 0.155
0.405 0.12
0.45 0.16
0.465 0.17
0.46 0.18
0.49 0.17
0.475 0.155
0.475 0.19
0.495 0.2
0.46 0.16
0.515 0.17
0.5 0.17
0.5 0.17
0.455 0.17
0.505 0.165
0.53 0.175
0.5 0.175
0.525 0.195
0.53 0.19
0.525 0.2
0.565 0.225
0.205 0.05
0.225 0.07
0.22 0.085
0.225 0.075
0.22 0.065
0.265 0.085
0.275 0.095
0.29 0.09
0.325 0.1
0.34 0.105
0.32 0.095
0.345 0.12
0.37 0.115
0.355 0.12
0.345 0.12
0.365 0.105
0.335 0.1
0.35 0.125
0.365 0.125
0.39 0.12
0.405 0.13
0.415 0.14
0.405 0.125
0.425 0.14
0.425 0.13
0.42 0.14
0.41 0.125
0.395 0.125
0.405 0.14
0.45 0.155
0.41 0.14
0.41 0.125
0.415 0.15
0.45 0.14
0.4 0.135
0.43 0.15
0.45 0.145
0.44 0.15
0.42 0.155
0.465 0.145
0.46 0.14
0.465 0.135
0.47 0.135
0.44 0.135
0.46 0.155
0.45 0.165
0.47 0.16
0.5 0.16
0.49 0.165
0.49 0.15
0.45 0.19
0.495 0.165
0.47 0.175
0.5 0.18
0.525 0.155
0.47 0.155
0.48 0.165
0.485 0.135
0.485 0.16
0.49 0.17
0.505 0.195
0.5 0.175
0.51 0.19
0.52 0.17
0.495 0.17
0.495 0.16
0.52 0.195
0.525 0.205
0.51 0.175
0.51 0.175
0.525 0.19
0.53 0.17
0.51 0.18
0.54 0.195
0.51 0.155
0.54 0.195
0.54 0.2
0.535 0.185
0.51 0.17
0.53 0.195
0.55 0.19
0.535 0.175
0.55 0.21
0.53 0.17
0.555 0.175
0.56 0.185
0.6 0.21
0.13 0.075
0.25 0.1
0.25 0.115
0.28 0.095
0.32 0.115
0.31 0.13
0.36 0.105
0.355 0.12
0.365 0.15
0.375 0.155
0.395 0.145
0.4 0.15
0.375 0.15
0.38 0.135
0.37 0.115
0.415 0.18
0.42 0.19
0.455 0.16
0.505 0.165
0.475 0.15
0.48 0.18
0.47 0.15
0.505 0.17
0.525 0.165
0.5 0.17
0.525 0.195
0.525 0.205
0.555 0.195
0.205 0.065
0.205 0.07
0.265 0.085
0.29 0.1
0.315 0.1
0.33 0.095
0.375 0.11
0.335 0.115
0.355 0.135
0.36 0.11
0.37 0.14
0.395 0.105
0.39 0.12
0.41 0.14
0.4 0.14
0.425 0.155
0.425 0.13
0.42 0.135
0.395 0.115
0.41 0.15
0.4 0.145
0.45 0.135
0.44 0.14
0.46 0.16
0.465 0.145
0.43 0.145
0.43 0.125
0.45 0.145
0.465 0.12
0.46 0.15
0.42 0.14
0.45 0.155
0.42 0.155
0.47 0.145
0.45 0.125
0.48 0.185
0.48 0.185
0.455 0.13
0.5 0.175
0.48 0.18
0.48 0.155
0.495 0.155
0.5 0.185
0.49 0.16
0.475 0.15
0.51 0.155
0.505 0.175
0.495 0.175
0.52 0.175
0.525 0.18
0.52 0.175
0.54 0.175
0.54 0.21
0.58 0.2
0.535 0.175
0.56 0.17
0.58 0.205
0.155 0.045
0.23 0.075
0.23 0.06
0.27 0.1
0.305 0.11
0.31 0.095
0.365 0.115
0.385 0.13
0.375 0.135
0.4 0.125
0.445 0.13
0.49 0.17
0.26 0.095
0.275 0.095
0.34 0.1
0.355 0.12
0.385 0.12
0.445 0.14
0.45 0.14
0.44 0.145
0.46 0.155
0.48 0.175
0.455 0.135
0.46 0.17
0.47 0.17
0.52 0.185
0.54 0.195
0.52 0.175
0.555 0.17
0.385 0.12
0.42 0.175
0.365 0.115
0.41 0.15
0.26 0.075
0.35 0.1
0.325 0.1
0.105 0.035
0.25 0.095
0.425 0.125
0.41 0.145
0.42 0.125
0.475 0.145
0.45 0.16
0.45 0.155
0.35 0.105
0.275 0.085
0.37 0.125
0.535 0.22
0.3 0.115
0.295 0.11
0.44 0.13
0.41 0.15
0.465 0.155
0.4 0.155
0.335 0.115
0.255 0.085
0.515 0.2
0.45 0.165
0.44 0.19
0.465 0.15
0.475 0.175
0.37 0.125
0.5 0.18
0.235 0.065
0.395 0.165
0.43 0.165
0.39 0.13
0.34 0.135
0.385 0.16
0.44 0.165
0.36 0.11
0.4 0.115
0.25 0.075
0.41 0.15
0.225 0.09
0.45 0.16
0.5 0.225
0.355 0.115
0.49 0.17
0.3 0.1
0.455 0.13
0.545 0.16
0.425 0.12
0.225 0.075
0.33 0.105
0.375 0.12
0.44 0.155
0.45 0.1
0.5 0.2
0.4 0.14
0.46 0.18
0.4 0.15
0.355 0.125
0.38 0.135
0.5 0.18
0.575 0.19
0.5 0.165
0.46 0.15
0.105 0.035
0.345 0.14
0.43 0.125
0.12 0.02
0.48 0.235
0.47 0.165
0.27 0.095
0.18 0.065
0.39 0.15
0.365 0.135
0.375 0.125
0.355 0.135
0.27 0.1
0.405 0.14
0.4 0.145
0.39 0.14
0.445 0.165
0.41 0.16
0.46 0.19
0.49 0.19
0.43 0.135
0.23 0.085
0.28 0.095
0.4 0.14
0.28 0.08
0.4 0.165
0.35 0.115
0.42 0.16
0.38 0.155
0.55 0.22
0.515 0.215
0.535 0.185
0.44 0.165
0.37 0.115
0.18 0.06
0.175 0.08
0.41 0.115
0.4 0.115
0.425 0.11
0.275 0.065
0.42 0.145
0.39 0.105
0.44 0.16
0.4 0.115
0.45 0.175
0.44 0.16
0.175 0.065
0.41 0.165
0.365 0.14
0.4 0.165
0.415 0.15
0.425 0.13
0.39 0.11
0.235 0.08
0.355 0.12
0.385 0.105
0.385 0.12
0.395 0.14
0.44 0.155
0.5 0.18
0.55 0.19
0.55 0.195
0.55 0.205
0.575 0.195
0.205 0.075
0.19 0.06
0.22 0.07
0.22 0.065
0.23 0.07
0.29 0.095
0.3 0.09
0.285 0.09
0.295 0.095
0.315 0.12
0.33 0.1
0.32 0.115
0.33 0.135
0.35 0.135
0.35 0.12
0.39 0.12
0.375 0.115
0.41 0.115
0.455 0.15
0.435 0.15
0.45 0.125
0.465 0.155
0.48 0.185
0.525 0.17
0.545 0.185
0.515 0.165
0.52 0.195
0.51 0.2
0.51 0.18
0.6 0.23
0.6 0.235
0.135 0.045
0.175 0.055
0.23 0
0.27 0.09
0.28 0.08
0.31 0.095
0.35 0.135
0.35 0.105
0.375 0.125
0.39 0.125
0.395 0.125
0.43 0.14
0.465 0.15
0.46 0.15
0.455 0.155
0.49 0.16
0.475 0.15
0.53 0.17
0.465 0.14
0.505 0.175
0.48 0.175
0.48 0.145
0.525 0.175
0.505 0.19
0.485 0.155
0.515 0.155
0.55 0.175
0.58 0.195
0.545 0.195
0.2 0.07
0.245 0.065
0.26 0.085
0.28 0.09
0.27 0.09
0.31 0.1
0.335 0.11
0.325 0.1
0.325 0.11
0.365 0.09
0.385 0.125
0.405 0.125
0.41 0.14
0.42 0.14
0.415 0.155
0.445 0.125
0.44 0.155
0.45 0.12
0.45 0.15
0.46 0.165
0.46 0.135
0.425 0.155
0.45 0.16
0.46 0.155
0.485 0.145
0.495 0.16
0.495 0.155
0.495 0.175
0.5 0.175
0.47 0.145
0.485 0.165
0.5 0.18
0.5 0.15
0.51 0.165
0.535 0.185
0.56 0.185
0.39 0.12
0.405 0.13
0.465 0.145
0.49 0.15
0.515 0.16
0.49 0.18
0.275 0.08
0.31 0.085
0.3 0.115
0.305 0.1
0.335 0.105
0.335 0.125
0.375 0.11
0.36 0.12
0.395 0.125
0.4 0.14
0.45 0.15
0.43 0.14
0.435 0.125
0.43 0.18
0.385 0.13
0.43 0.125
0.45 0.145
0.465 0.15
0.445 0.16
0.48 0.17
0.51 0.16
0.45 0.155
0.475 0.155
0.47 0.13
0.365 0.155
0.475 0.205
0.5 0.18
0.49 0.19
0.485 0.18
0.53 0.175
0.485 0.155
0.5 0.175
0.5 0.18
0.495 0.16
0.525 0.18
0.52 0.175
0.51 0.15
0.545 0.185
0.545 0.215
0.545 0.175
0.565 0.18
0.59 0.205
0.305 0.1
0.35 0.1
0.365 0.13
0.41 0.155
0.4 0.14
0.42 0.18
0.42 0.14
0.45 0.15
0.465 0.155
0.48 0.16
0.505 0.175
0.525 0.185
0.215 0.05
0.265 0.09
0.35 0.13
0.365 0.11
0.375 0.115
0.385 0.12
0.415 0.135
0.42 0.145
0.445 0.11
0.435 0.145
0.425 0.14
0.45 0.14
0.425 0.145
0.47 0.17
0.45 0.15
0.455 0.14
0.5 0.17
0.495 0.155
0.505 0.155
0.49 0.155
0.495 0.175
0.535 0.19
0.505 0.165
0.525 0.18
0.5 0.22
0.535 0.19
0.525 0.2
0.53 0.21
0.55 0.195
0.605 0.175
0.215 0.07
0.23 0.08
0.25 0.075
0.28 0.09
0.315 0.115
0.33 0.095
0.35 0.11
0.37 0.11
0.36 0.14
0.355 0.11
0.44 0.135
0.475 0.165
0.455 0.17
0.255 0.1
0.31 0.085
0.29 0.1
0.3 0.085
0.365 0.115
0.38 0.125
0.4 0.125
0.385 0.165
0.43 0.13
0.43 0.155
0.45 0.165
0.44 0.135
0.475 0.205
0.485 0.15
0.555 0.195
