43 79 242 107 81
99 76 212 135 107
101 63 192 113 82
46 72 172 133 108
95 74 247 115 99
52 59 235 139 98
99 48 172 141 103
68 76 232 132 95
26 60 185 112 82
85 76 204 145 95
69 57 177 108 95
47 58 214 143 106
67 75 216 149 93
49 71 207 151 101
16 66 210 160 104
27 55 171 104 83
38 75 218 101 84
22 48 177 124 92
21 77 233 157 110
31 65 210 130 104
51 71 240 152 105
89 52 198 116 86
53 51 218 143 103
100 53 180 157 106
106 54 188 137 93
68 68 219 144 87
66 78 207 158 108
28 66 198 106 80
57 53 216 137 99
45 72 243 150 98
106 61 198 113 81
81 57 224 156 94
50 52 193 123 104
39 80 224 133 103
44 55 206 116 92
76 70 207 140 102
48 75 182 132 94
110 76 254 106 95
33 60 183 133 92
98 50 192 148 97
81 55 172 152 99
89 57 160 129 101
19 79 210 101 81
38 66 180 126 95
80 76 207 119 97
74 65 198 118 96
110 51 155 148 91
36 55 153 147 102
75 65 227 116 94
83 56 235 115 92
99 51 172 127 86
35 80 236 141 105
94 58 198 144 106
37 56 195 155 104
74 49 167 150 106
98 80 231 140 108
67 66 240 117 89
63 54 201 146 89
63 53 208 113 90
41 78 207 136 84
23 68 214 121 85
51 53 203 122 90
80 71 208 150 101
109 50 187 143 106
91 64 221 150 99
101 75 177 155 96
36 80 221 117 100
47 68 224 142 106
92 77 231 113 89
65 60 197 124 93
101 56 173 126 79
65 51 198 102 94
23 58 182 115 82
38 69 213 125 100
49 79 224 135 96
73 80 218 113 94
93 80 265 123 85
104 79 203 159 93
80 65 225 136 94
37 56 172 135 109
14 59 189 126 93
25 50 192 158 102
78 74 212 146 97
25 69 204 146 95
26 69 187 141 96
69 80 240 123 98
12 73 202 136 91
56 57 202 154 108
74 61 198 106 75
96 62 221 103 98
86 79 234 107 75
73 79 260 142 102
34 63 202 119 96
89 49 164 148 102
46 58 175 136 85
24 57 225 103 85
63 71 226 112 91
21 63 224 155 93
70 68 211 118 80
22 52 167 111 80
48 56 205 121 99
15 75 204 160 101
102 60 171 123 87
81 80 236 120 78
25 61 155 159 109
18 51 203 120 83
110 63 163 105 84
18 77 222 142 97
92 53 167 120 83
86 58 222 137 99
33 61 197 151 112
27 50 211 144 95
49 78 225 149 99
32 74 213 147 104
67 69 200 155 110
101 49 185 156 88
28 53 168 113 80
90 65 177 109 89
29 75 208 141 92
46 48 150 105 91
54 76 222 110 91
49 67 210 112 94
105 80 258 112 97
108 65 193 149 99
29 57 205 158 106
101 59 184 115 89
100 79 233 153 96
75 72 222 121 95
96 55 208 136 88
55 59 198 160 96
61 75 217 124 95
21 80 221 115 89
97 56 164 151 97
31 60 208 135 89
76 80 201 115 93
103 79 225 114 90
105 50 193 124 98
95 63 234 114 78
56 79 187 156 96
38 50 173 110 89
16 80 229 120 95
38 68 170 129 85
102 70 227 155 108
34 77 228 100 85
97 71 173 159 105
46 76 202 137 103
56 54 202 117 94
13 53 213 100 85
26 72 191 144 99
20 51 168 103 83
103 64 233 123 105
99 63 201 121 85
74 77 204 124 92
66 54 189 140 91
52 61 222 107 83
79 73 227 147 107
29 56 177 123 93
51 54 166 152 101
109 62 177 118 86
24 67 170 133 90
105 78 204 143 85
42 72 193 129 100
62 55 156 151 107
37 55 196 110 92
45 65 206 144 93
98 60 206 148 95
59 77 252 137 96
65 48 191 158 98
86 63 205 108 97
54 65 227 133 93
84 59 186 117 84
43 72 193 117 82
79 54 203 134 109
105 50 176 143 104
43 51 167 129 89
32 53 177 138 96
84 60 188 137 83
23 52 216 117 93
39 55 154 119 87
43 70 230 154 91
88 51 149 139 100
103 65 216 116 96
100 48 155 117 87
100 72 250 147 101
100 48 206 133 94
59 56 193 112 95
33 68 210 117 89
87 50 145 125 98
94 57 239 119 89
19 50 172 145 100
105 48 200 141 101
63 76 168 147 106
18 80 243 114 83
75 69 209 108 86
32 54 189 143 87
30 49 170 148 84
28 80 225 104 85
48 72 232 116 76
60 76 248 137 92
30 48 153 101 91
107 73 184 120 89
84 63 191 107 92
82 53 169 118 90
101 57 196 113 95
51 53 189 144 105
58 60 213 119 83
34 60 198 123 88
34 75 236 135 84
108 52 164 138 98
92 76 214 146 101
48 73 228 122 94
82 54 164 119 88
12 57 161 123 90
14 72 182 119 90
88 77 262 116 84
74 66 191 111 94
66 65 157 127 103
82 51 162 155 93
77 68 224 145 107
28 77 228 106 86
49 76 199 100 78
30 75 242 107 97
75 55 163 129 86
62 62 210 142 97
37 51 149 112 86
57 56 224 131 87
96 77 232 121 79
87 52 206 127 100
90 65 188 134 105
77 67 200 109 88
32 62 241 130 92
15 57 183 132 98
30 57 164 119 88
59 75 232 133 94
35 76 229 154 102
48 54 199 120 81
82 67 220 117 88
82 73 204 116 91
73 54 204 127 103
35 75 245 128 86
31 65 233 138 83
97 70 185 139 102
24 59 205 124 85
12 72 210 150 94
66 70 209 127 92
33 65 205 110 93
31 68 219 125 90
56 61 205 139 106
92 62 154 116 88
93 54 186 117 92
28 59 169 134 94
110 56 201 151 104
72 55 195 151 97
86 68 205 153 114
105 76 194 150 100
93 72 173 134 84
73 49 195 115 93
97 57 179 155 108
98 77 233 149 100
46 51 192 153 89
64 73 210 123 83
22 72 170 151 107
83 74 224 138 97
39 62 201 118 84
93 55 210 149 99
71 54 205 131 84
12 76 216 135 99
41 60 182 120 81
67 63 223 113 85
15 55 171 155 92
102 60 219 101 85
26 63 237 113 84
67 80 216 153 103
105 54 189 119 86
51 60 191 126 101
51 70 203 160 96
50 67 217 159 102
75 60 222 143 98
29 69 190 127 82
87 49 150 110 98
70 59 150 111 93
65 80 215 127 84
53 78 236 106 77
20 74 207 154 100
38 57 170 160 105
74 77 213 113 85
27 48 191 144 105
34 66 217 144 91
24 61 176 120 87
87 56 219 101 94
85 50 167 101 83
99 73 207 133 96
21 76 173 124 96
21 74 177 148 104
87 70 256 145 104
97 59 208 126 85
13 80 248 145 113
78 55 217 127 80
100 62 194 121 83
78 70 196 151 92
51 62 201 105 87
40 60 194 108 81
44 58 189 128 85
68 78 226 140 90
79 59 185 114 85
84 53 196 130 90
99 77 220 125 90
55 65 215 130 96
27 54 195 124 82
75 56 174 127 92
64 51 145 130 89
62 73 249 151 101
44 62 173 100 95
43 55 197 145 98
108 69 210 116 87
103 51 193 156 94
98 53 199 120 87
58 50 170 133 94
80 54 188 102 91
35 55 171 116 88
60 76 253 160 100
41 78 182 155 94
63 48 200 136 93
81 67 163 135 90
49 55 168 124 98
99 69 183 142 111
32 57 238 135 92
84 60 197 123 88
84 56 210 142 97
38 54 190 100 95
56 56 165 118 79
64 63 234 152 107
82 55 207 114 86
44 73 247 155 112
50 67 202 103 89
77 55 189 108 91
31 71 224 101 81
75 80 239 124 87
82 58 187 127 86
37 49 169 150 101
61 67 218 142 101
107 70 212 127 101
38 60 185 111 80
107 70 187 138 87
110 61 210 138 90
32 48 191 116 98
23 67 175 107 79
81 57 178 148 87
68 80 263 128 98
78 68 227 125 98
96 74 188 135 89
26 69 196 100 77
51 61 196 154 106
85 80 191 160 108
20 63 158 113 91
67 69 198 106 81
85 68 232 100 87
63 52 179 102 94
58 57 184 159 101
71 76 240 141 90
74 67 219 158 89
30 67 226 126 101
106 65 238 151 105
80 79 250 149 106
101 63 208 100 93
60 58 221 101 76
70 52 209 112 97
87 52 186 125 94
96 77 218 132 104
64 53 206 103 76
91 59 175 130 99
15 54 220 103 82
79 51 160 157 105
66 54 205 120 105
28 64 199 110 89
93 56 179 110 77
107 66 193 130 105
103 60 176 100 80
91 71 177 107 89
28 57 194 132 88
96 75 214 135 96
51 76 223 142 109
17 77 214 134 93
17 59 166 140 102
39 61 187 130 86
66 60 196 100 88
47 75 184 133 94
65 61 203 112 90
32 48 214 149 105
68 51 200 138 92
89 51 210 148 103
44 54 149 126 96
55 76 253 142 84
65 69 214 106 94
96 75 172 142 106
75 79 203 137 93
42 62 222 125 98
43 75 214 138 90
88 60 173 158 101
109 50 182 150 97
77 65 218 157 107
88 54 181 120 90
28 49 187 136 101
101 70 177 117 93
39 78 184 147 101
97 78 219 143 87
50 58 186 149 103
43 69 215 143 89
88 73 193 138 99
19 59 175 102 85
95 64 179 107 97
28 79 270 157 95
82 63 186 120 92
83 58 167 138 95
87 51 187 154 107
16 76 202 143 106
94 67 176 109 84
54 69 228 155 87
77 66 251 141 97
98 73 223 142 90
81 66 178 146 97
94 72 220 151 95
59 57 177 124 91
50 69 200 105 86
61 53 199 160 113
104 59 211 119 95
70 78 206 111 88
98 61 219 153 112
46 55 199 123 98
104 49 158 118 97
101 56 185 131 105
41 52 185 144 104
49 59 164 154 114
100 60 208 100 80
82 51 212 150 100
81 57 177 155 96
36 50 163 130 96
54 57 185 130 91
45 64 219 101 86
74 79 203 138 97
77 72 179 158 101
86 72 235 141 93
19 59 213 145 114
15 57 192 155 101
57 76 236 145 96
14 65 253 156 110
66 69 207 107 84
42 79 274 106 85
54 60 187 100 77
31 57 188 146 105
70 65 222 107 75
104 69 207 138 84
58 60 168 127 95
51 71 189 121 93
74 59 185 145 100
26 53 175 109 92
105 52 162 122 79
89 66 220 152 106
58 53 180 128 97
105 61 191 160 114
80 50 188 103 80
110 67 230 150 108
82 62 229 137 97
12 62 220 159 113
94 60 207 123 91
41 74 201 139 96
87 78 230 137 103
49 77 197 154 98
47 66 194 116 96
35 60 213 157 100
23 58 178 148 90
30 68 196 139 105
48 65 188 145 112
26 61 184 123 92
98 74 190 152 105
110 49 164 103 81
83 73 218 159 96
65 69 214 125 81
48 67 234 102 84
110 79 214 144 92
85 57 205 155 118
97 68 230 160 91
86 70 207 130 97
38 65 240 147 105
89 73 204 131 92
107 69 207 118 93
106 69 177 154 93
64 50 185 140 108
66 66 215 122 97
53 65 210 100 75
26 80 230 126 87
73 79 238 129 104
105 61 168 111 91
42 54 207 102 74
77 74 255 136 108
105 49 210 153 101
102 79 185 132 85
77 74 221 103 76
107 58 201 140 101
13 72 166 109 79
23 69 208 131 109
91 67 199 147 108
35 62 212 103 87
105 74 208 143 95
60 49 187 154 92
96 74 188 149 99
76 65 227 159 98
90 58 167 126 93
81 62 211 143 104
22 80 221 157 97
103 78 214 154 103
80 79 210 124 94
64 68 192 122 93
57 63 191 137 90
24 76 186 109 79
59 73 221 110 76
69 65 206 120 96
57 55 224 160 120
27 61 196 135 99
81 68 223 131 88
12 66 195 107 97
18 78 206 120 98
68 54 202 125 89
62 66 191 134 99
46 48 180 143 96
98 74 216 123 88
37 79 179 160 104
68 67 180 113 81
66 57 172 115 83
51 58 206 132 104
32 66 233 130 101
81 54 160 115 97
93 72 171 153 102
57 67 243 104 84
73 59 183 105 87
40 51 223 108 80
88 76 186 150 94
74 80 232 110 85
101 57 189 126 95
61 76 237 101 87
61 68 199 107 83
35 60 179 151 101
93 69 166 111 89
95 71 194 128 89
66 75 197 108 85
96 52 185 133 108
40 51 210 110 84
80 64 164 137 103
37 78 231 141 108
17 66 192 135 89
59 78 197 129 88
87 58 229 155 95
54 77 261 157 103
98 77 242 132 93
15 66 236 119 84
31 57 180 124 96
23 50 155 128 94
60 57 193 103 95
58 70 201 101 88
67 56 168 143 86
101 75 262 151 96
67 60 214 102 87
20 68 177 120 101
68 68 204 144 100
45 68 203 146 88
96 57 213 130 97
18 75 221 104 73
65 71 229 129 94
74 72 196 148 101
90 55 187 129 108
89 57 174 139 96
79 54 174 142 94
84 48 192 107 87
102 53 206 111 85
13 76 186 149 93
24 53 206 104 87
101 53 207 158 108
58 75 215 147 99
38 51 155 106 86
55 77 235 160 105
36 50 218 121 90
33 72 198 160 107
34 66 210 151 97
102 64 215 114 95
83 80 235 100 81
43 61 209 102 90
106 57 170 110 79
16 65 204 158 104
15 65 195 129 96
51 50 182 131 91
44 50 159 100 83
98 53 206 146 104
88 66 172 133 91
36 78 222 154 116
31 71 203 140 98
22 62 229 160 107
63 70 195 154 99
68 54 159 107 83
60 68 187 126 97
22 74 221 109 90
110 72 261 107 81
92 77 174 125 91
89 52 182 100 78
36 69 186 159 100
75 76 236 121 81
44 53 180 110 85
53 51 182 103 90
97 51 188 114 85
13 56 183 117 98
99 78 195 137 92
47 63 182 126 101
104 52 220 115 88
35 50 186 129 81
50 66 205 105 87
96 72 195 145 94
12 58 230 133 100
50 61 159 115 95
51 66 195 102 87
13 64 175 120 81
49 49 182 148 94
94 60 189 125 88
48 74 226 156 110
87 60 212 103 82
36 80 223 114 86
68 79 209 142 105
79 58 208 149 100
79 60 215 117 83
90 51 215 104 86
49 53 172 100 88
59 74 244 137 106
13 80 206 154 90
77 62 188 144 95
38 64 194 130 93
18 80 222 125 84
12 76 218 100 82
102 68 198 104 93
51 48 196 148 97
22 57 219 104 95
17 51 186 121 84
56 63 187 130 103
109 52 210 146 103
106 62 200 136 101
71 72 205 102 81
72 57 199 128 102
79 66 199 151 99
37 52 187 123 99
61 79 207 137 87
80 60 187 126 99
53 68 194 151 92
89 58 182 159 97
39 73 230 108 96
87 72 225 140 108
41 58 217 144 107
49 61 176 106 83
107 63 233 150 95
88 54 190 157 107
100 59 162 126 97
91 57 202 116 90
95 78 225 126 92
57 76 266 136 107
102 68 184 102 73
78 53 170 110 90
41 68 195 145 94
41 50 194 103 97
95 48 152 117 89
41 72 216 114 94
95 62 202 158 112
58 65 205 160 92
35 55 169 106 79
58 53 189 107 83
53 76 190 121 90
64 59 155 120 84
60 77 269 101 75
81 52 173 104 89
14 67 201 147 101
81 62 228 139 91
67 74 202 108 85
32 74 237 149 97
105 79 234 121 94
64 65 180 158 115
58 61 171 146 103
21 64 184 115 95
86 68 165 138 87
69 56 200 115 86
71 74 220 152 110
15 54 196 146 103
24 48 147 138 90
54 75 200 101 86
83 79 227 159 93
28 65 226 152 90
81 55 159 160 103
74 79 232 108 94
20 58 198 141 97
61 78 221 148 91
47 49 175 156 102
89 74 192 153 102
69 58 188 160 104
97 56 167 108 79
65 67 177 132 97
41 69 243 139 98
40 70 184 102 85
77 79 212 145 97
14 58 186 124 97
26 56 224 114 88
68 74 190 123 90
86 67 199 108 74
74 51 206 138 89
106 54 160 137 88
56 65 165 123 93
47 58 210 149 102
46 80 206 137 101
62 51 203 160 104
17 80 231 141 98
47 75 217 150 92
89 65 192 100 82
19 65 236 135 103
62 52 197 124 92
12 59 184 110 82
36 54 185 115 87
73 72 217 110 79
27 54 213 156 101
20 58 179 104 77
17 57 176 148 107
29 76 269 128 91
17 80 248 105 89
95 50 205 134 96
53 69 211 138 93
85 56 159 128 97
53 67 239 160 104
22 61 195 143 89
103 80 197 113 98
109 72 204 124 86
65 62 205 143 102
39 50 196 113 86
59 75 246 105 97
89 67 237 141 101
58 75 182 129 86
65 53 195 160 100
64 79 201 135 87
109 59 190 109 78
106 55 179 115 84
69 56 190 144 106
60 50 160 136 98
30 49 197 100 75
36 64 190 153 90
85 66 229 119 87
46 51 157 111 80
42 55 154 156 102
74 63 198 131 97
55 61 186 137 91
97 78 229 141 91
100 67 185 144 99
71 78 210 121 89
80 50 183 107 87
14 76 179 143 104
79 49 166 144 91
82 74 217 155 106
30 62 176 135 102
29 72 190 146 90
74 63 228 158 107
33 69 209 110 90
109 71 194 141 95
14 53 188 136 97
47 61 216 104 93
77 76 216 118 86
52 77 213 104 83
88 75 193 106 94
85 56 213 134 89
46 72 206 148 95
77 80 199 151 106
25 50 170 150 95
45 70 242 136 100
109 51 191 120 95
106 66 213 125 105
53 74 179 102 92
26 54 226 112 90
72 53 156 107 84
67 60 195 112 85
26 50 205 106 87
21 60 186 104 83
51 71 170 124 90
94 74 237 150 97
87 75 199 101 88
104 72 169 110 97
80 56 182 114 86
86 49 142 108 78
32 72 210 131 95
15 78 214 100 90
43 63 192 119 82
34 71 205 103 80
52 77 246 157 108
99 58 199 144 92
82 60 201 127 86
96 78 230 113 78
27 80 243 125 90
74 48 200 150 95
86 62 166 107 86
48 48 177 120 89
44 63 201 158 97
78 49 184 127 95
102 60 162 138 104
78 79 218 135 100
34 65 186 111 90
110 78 195 114 95
86 75 199 139 101
99 79 206 116 89
20 74 242 102 77
47 54 190 104 97
12 66 245 143 101
92 55 190 140 101
15 53 178 157 92
40 78 206 120 92
76 64 188 117 95
18 79 248 158 104
48 72 219 125 86
29 62 171 156 92
16 64 243 128 97
101 53 196 121 91
90 55 182 125 94
72 70 227 152 107
84 73 161 147 91
46 69 208 143 101
51 70 193 153 105
33 56 153 118 92
77 76 172 116 87
18 54 181 149 88
39 50 215 149 99
66 72 214 132 96
87 59 170 108 79
91 61 162 127 102
90 63 165 151 99
18 66 192 109 88
17 69 194 117 87
78 64 192 154 89
52 57 194 129 91
97 60 170 117 91
49 79 178 110 82
26 75 205 139 88
91 55 148 125 94
28 50 174 132 88
98 62 178 156 90
89 64 216 118 80
27 69 169 142 101
103 78 248 117 94
98 71 209 128 97
71 76 184 157 111
107 77 214 115 99
12 59 221 105 79
104 64 205 135 100
15 64 241 101 89
44 75 264 123 92
19 77 242 123 92
91 75 244 108 88
72 52 202 144 98
37 75 239 137 98
97 67 170 123 102
70 63 205 157 103
88 65 209 140 94
93 71 228 160 109
34 52 173 141 96
28 52 176 138 110
81 54 182 117 86
32 60 157 110 90
98 48 163 132 104
40 54 209 123 93
36 75 228 118 97
108 54 193 140 110
18 50 171 121 96
34 64 170 133 106
110 67 218 139 88
45 63 195 113 83
48 61 167 143 102
81 66 175 133 99
86 49 219 127 79
44 55 209 104 91
65 70 205 157 112
37 78 225 102 74
88 63 212 104 95
68 69 210 104 84
28 61 198 141 98
94 59 167 118 76
47 52 162 143 106
80 58 184 131 102
100 77 266 147 103
45 80 222 137 95
98 63 235 130 94
12 63 207 114 89
98 51 222 143 108
24 51 177 113 83
13 70 219 124 94
91 68 174 127 86
50 51 173 113 83
20 50 174 144 107
70 77 220 127 99
105 55 224 124 90
41 53 168 148 87
96 70 209 148 106
20 77 216 110 92
76 76 201 151 91
70 80 202 141 99
106 56 176 130 101
95 49 186 140 98
68 77 206 108 90
79 57 180 108 86
82 54 200 108 87
96 52 188 108 79
57 48 159 109 91
79 55 213 124 87
12 67 188 138 104
30 54 176 113 86
72 71 216 134 102
85 78 234 134 87
100 78 190 136 91
53 59 168 125 87
37 67 197 156 90
95 50 199 129 98
17 61 218 134 100
12 65 210 138 87
54 51 167 145 91
58 67 205 153 102
47 60 192 150 104
87 58 231 157 98
29 68 199 143 108
36 52 199 102 83
87 64 208 154 101
61 71 262 146 97
103 53 172 136 101
62 52 208 142 85
64 68 229 131 81
54 77 233 153 103
59 64 187 139 95
14 52 218 114 88
79 57 183 135 87
20 70 234 123 86
62 76 264 147 96
19 56 208 108 83
71 79 243 150 89
99 54 197 106 85
64 54 150 110 96
68 61 225 122 95
98 62 201 144 89
39 54 209 158 104
28 48 183 126 101
87 73 204 122 91
84 70 230 122 93
61 62 200 103 78
15 80 266 147 92
62 50 171 135 94
88 51 191 101 79
27 69 243 104 87
53 53 156 138 87
102 68 222 117 90
66 70 242 111 87
60 58 188 105 81
97 78 228 136 93
95 74 252 135 94
53 63 218 119 77
103 66 181 137 102
76 79 248 148 111
36 59 223 133 97
26 74 249 124 92
99 52 203 105 98
15 78 223 101 90
87 62 183 111 93
105 66 178 148 94
109 67 179 122 99
47 53 167 141 96
45 80 201 130 106
87 76 211 118 93
91 75 255 132 94
40 67 206 157 101
71 53 214 109 83
45 63 212 141 100
81 80 224 144 91
99 73 255 140 93
73 74 244 127 98
108 77 222 144 91
75 74 211 139 90
40 48 181 149 109
68 58 191 130 94
63 80 260 113 90
16 61 175 160 111
28 79 215 123 91
24 65 213 144 96
38 73 192 110 93
66 49 195 151 111
24 49 187 105 90
31 52 188 111 84
96 64 207 140 90
83 52 206 136 108
28 64 174 128 85
23 65 167 149 95
78 56 182 123 87
42 58 219 129 92
38 78 207 128 91
57 76 259 115 77
38 75 187 149 100
71 56 170 114 94
41 68 238 147 102
96 74 217 122 93
109 71 238 145 96
102 68 191 103 83
109 62 164 102 72
29 51 181 140 97
74 55 171 121 85
67 58 192 160 110
27 58 192 107 92
29 54 209 112 90
14 69 257 132 89
61 60 213 134 100
30 79 205 150 99
85 62 236 105 95
12 70 227 111 85
44 63 195 103 82
102 51 213 126 90
40 71 217 132 86
49 76 224 155 113
72 55 204 104 80
107 70 230 132 86
32 67 165 109 85
44 63 204 120 95
27 64 229 153 112
13 53 208 122 87
92 79 244 109 93
37 78 240 141 94
72 67 186 100 75
82 73 235 134 95
50 64 189 151 106
86 51 152 103 79
30 72 183 103 84
17 76 250 124 102
82 54 182 136 93
43 58 157 159 104
58 77 173 141 88
34 76 220 115 95
62 62 182 154 106
87 52 151 127 80
67 60 180 137 111
74 77 227 120 84
21 62 193 104 84
17 80 222 143 99
80 52 176 136 94
35 52 206 132 94
33 77 262 102 81
108 71 178 159 116
37 51 185 110 91
44 77 230 134 88
76 70 191 146 93
37 72 239 114 79
70 53 215 124 104
105 59 225 148 104
23 52 210 102 88
72 62 197 110 78
13 66 204 153 89
66 57 200 146 106
63 79 227 101 74
99 51 173 145 106
35 54 160 130 87
69 79 194 150 108
94 62 202 113 94
107 48 195 123 106
101 71 181 131 100
24 71 237 144 101
36 63 169 103 90
56 80 219 101 85
106 52 163 103 97
95 79 212 149 89
84 53 198 130 94
32 62 223 131 99
94 59 220 122 88
100 51 187 131 103
24 62 174 124 92
68 65 249 132 93
80 51 181 114 89
85 60 167 118 79
90 70 230 145 101
72 78 208 113 91
92 69 189 127 92
55 68 237 121 89
39 64 205 119 91
107 61 207 123 84
18 51 202 127 90
65 52 214 102 83
67 48 152 112 97
75 58 191 125 99
86 49 202 105 79
103 80 195 115 90
79 73 220 140 98
54 75 208 113 92
108 51 153 104 91
57 70 175 144 92
24 48 197 111 86
62 57 173 143 102
109 59 199 145 97
84 66 199 120 87
74 60 200 145 91
31 75 196 144 94
58 57 197 117 92
14 58 197 119 87
23 51 178 128 103
47 80 205 120 98
89 66 216 146 109
62 70 216 156 98
89 62 167 104 82
60 68 189 136 97
110 56 179 131 99
66 74 213 113 90
36 53 141 135 92
51 64 197 143 103
98 69 208 122 98
67 59 188 149 104
89 56 183 140 102
53 58 194 153 90
66 60 184 104 84
20 52 184 128 84
102 56 156 149 103
51 77 244 114 88
81 62 182 117 88
56 55 158 153 90
82 72 250 144 100
106 48 174 107 89
61 58 183 136 106
36 57 205 104 93
22 54 184 135 93
19 66 188 105 83
44 61 189 101 77
35 78 209 118 85
77 71 226 144 106
54 67 210 102 88
85 56 191 141 95
93 54 187 124 92
23 79 226 158 95
19 54 206 136 104
18 58 222 124 95
68 48 159 100 83
80 61 237 125 89
73 75 226 107 89
48 77 234 121 95
64 65 188 101 82
43 58 188 123 85
57 75 183 112 89
79 61 177 118 93
48 58 192 116 89
24 58 215 124 88
82 59 190 111 89
94 79 266 121 94
101 56 180 133 92
110 79 216 146 105
59 73 211 135 95
53 61 212 140 98
69 52 156 111 94
23 55 151 149 104
38 74 221 124 106
75 56 193 146 90
28 78 196 118 90
39 56 174 137 96
57 61 174 127 103
20 75 219 145 104
64 80 271 122 96
65 63 236 122 91
26 52 205 155 105
71 61 173 123 95
96 71 171 127 94
33 73 214 156 99
82 76 206 133 107
95 61 174 132 92
86 70 190 133 87
46 58 206 123 95
33 63 186 155 107
95 51 159 147 109
42 52 163 124 90
106 72 183 140 87
13 78 172 112 88
54 72 205 152 103
56 70 213 129 97
34 60 194 105 91
102 72 226 115 93
88 77 206 114 91
37 70 235 155 91
92 70 241 118 98
104 75 214 123 92
94 56 186 141 94
64 73 253 138 98
43 59 202 149 104
25 78 235 133 101
58 68 226 107 100
68 48 179 146 110
42 62 184 125 105
106 63 177 158 89
65 67 203 129 96
19 62 206 155 111
56 74 222 144 101
106 54 167 154 107
48 56 188 110 92
103 57 203 108 85
85 50 194 120 86
44 65 171 103 80
58 63 162 102 79
45 79 217 146 97
20 72 230 100 86
106 79 200 131 93
34 52 180 127 101
31 62 219 128 106
100 71 223 103 81
99 54 213 133 83
38 69 241 124 80
91 54 175 132 91
79 50 170 151 100
86 59 207 109 92
45 77 176 132 97
15 77 210 119 88
14 67 219 129 84
99 58 219 154 107
17 51 202 133 91
55 78 179 143 91
63 63 193 100 75
57 67 211 132 90
23 76 248 124 91
100 62 162 151 91
61 61 169 135 95
71 60 196 115 95
56 68 206 134 88
19 75 166 156 106
99 60 221 149 112
69 73 257 117 90
77 64 190 144 103
75 63 217 149 108
85 59 199 131 98
103 65 212 115 86
97 53 178 142 103
78 60 222 144 92
17 53 181 136 98
55 76 177 120 87
47 51 159 141 102
79 52 187 112 89
30 54 203 140 89
23 73 206 157 112
60 78 206 108 93
110 54 153 107 76
38 55 180 125 99
36 61 190 106 87
84 60 191 118 88
76 68 193 113 92
103 54 197 106 82
40 54 181 131 93
49 65 205 135 98
66 50 168 118 96
108 59 215 148 108
45 67 216 113 87
85 67 224 128 92
96 70 215 153 109
96 52 174 114 93
107 55 202 145 107
92 66 216 135 87
103 61 223 141 100
29 64 189 126 96
20 80 224 157 102
70 65 192 103 90
99 68 189 110 89
65 63 201 145 91
22 57 188 130 82
64 76 189 152 93
12 77 204 159 106
87 75 180 105 83
106 50 184 115 80
86 59 224 157 95
50 76 214 132 98
45 52 148 153 97
44 59 187 143 96
16 74 245 103 76
29 52 146 107 94
94 69 228 123 83
108 67 232 124 98
41 66 212 108 75
109 52 190 103 90
23 67 186 157 104
27 56 226 101 91
13 60 178 111 89
76 77 221 100 95
65 61 178 105 95
12 68 196 104 90
68 58 209 105 98
65 76 221 152 101
28 76 203 138 104
94 62 215 131 101
54 55 178 153 109
97 60 209 112 94
60 79 219 146 111
36 66 224 122 87
86 70 188 160 100
27 68 188 138 81
50 78 206 103 95
44 70 225 133 88
85 69 194 106 84
38 62 166 155 102
37 60 212 140 88
74 48 160 152 94
64 60 171 152 101
27 69 249 130 99
90 71 218 152 104
15 67 184 112 90
110 75 206 157 115
84 48 203 153 100
15 52 182 141 98
110 77 206 152 95
105 56 212 105 88
76 62 217 104 97
75 73 215 148 107
67 65 181 106 97
57 51 163 133 109
98 68 207 124 82
40 74 242 114 93
51 68 233 156 93
94 75 222 136 92
77 80 253 129 95
88 69 167 100 82
34 72 168 147 111
108 56 192 138 96
71 53 184 101 80
91 61 195 104 81
14 50 208 151 92
59 69 199 105 77
102 76 210 129 99
50 57 168 115 96
106 55 180 131 89
68 62 161 151 102
102 56 195 109 82
49 49 196 141 104
12 55 209 144 102
89 74 189 153 92
35 56 190 149 94
79 50 159 101 73
18 48 211 100 97
81 72 179 118 81
33 59 190 139 94
29 49 183 132 104
53 56 152 133 99
53 67 185 109 82
15 57 216 120 87
81 65 165 145 97
74 61 178 134 107
82 76 220 123 98
73 48 172 121 98
108 75 177 133 91
74 67 170 143 95
79 58 186 132 81
61 63 219 101 85
22 63 200 144 96
101 71 188 158 97
34 66 204 101 80
69 63 210 130 89
101 62 240 107 87
33 60 216 120 83
83 51 186 150 110
70 80 260 146 108
85 70 197 141 97
54 59 158 131 95
65 56 164 155 91
92 49 178 113 82
81 63 198 128 96
21 67 184 110 78
68 72 234 159 102
90 76 224 119 88
78 50 196 138 93
83 56 185 118 89
109 55 189 156 93
22 75 202 150 96
68 52 198 113 90
33 66 183 106 80
41 76 238 139 99
56 54 203 133 93
109 78 243 159 90
93 77 201 134 108
24 77 207 132 83
37 66 194 124 96
40 65 205 130 86
13 60 190 137 102
94 52 179 140 94
16 52 167 135 92
107 67 189 129 95
14 59 207 148 104
102 74 220 146 106
107 61 190 113 90
62 48 218 153 97
30 58 184 147 97
82 57 168 132 98
110 53 154 134 92
65 78 213 117 86
22 54 219 137 100
77 52 157 109 86
60 54 213 128 93
55 55 193 130 90
105 55 201 126 89
30 76 236 151 103
21 54 171 125 95
102 77 214 152 97
90 56 190 117 85
82 51 203 115 86
103 48 152 120 90
51 73 224 151 104
85 63 200 118 97
89 57 204 141 101
69 78 217 121 102
108 80 250 101 78
29 69 195 115 88
98 63 170 148 106
61 68 201 137 99
102 61 209 157 112
67 69 218 111 88
40 79 227 111 90
50 73 208 152 104
26 48 156 136 105
44 65 202 159 107
35 67 212 159 103
66 52 209 112 93
50 56 190 142 100
21 54 172 105 96
90 52 187 104 92
44 76 269 132 97
15 63 182 148 93
98 59 177 126 89
40 80 216 111 88
58 54 220 126 96
59 66 205 128 86
89 65 186 151 98
77 48 146 109 93
108 57 186 114 94
94 80 182 138 89
103 63 203 150 92
76 68 195 116 85
83 51 193 135 102
41 69 166 137 101
65 80 245 140 98
32 58 184 147 110
56 48 184 106 85
107 79 231 107 89
83 75 246 126 92
34 59 187 104 77
44 48 152 112 91
33 66 224 128 106
32 75 205 145 100
41 53 150 116 90
85 50 185 136 87
109 69 181 105 82
37 73 195 136 102
50 66 160 122 86
100 65 210 141 93
23 71 193 147 94
99 55 179 147 95
54 80 213 156 96
103 50 167 110 93
83 65 248 152 90
53 48 155 151 100
61 52 212 115 81
20 54 195 126 105
45 60 218 153 91
54 52 227 138 95
103 50 198 147 109
97 63 197 107 95
78 77 233 137 89
57 79 204 115 82
60 51 182 115 85
85 67 210 151 89
55 48 177 149 101
86 72 228 148 107
97 63 209 120 100
100 78 203 142 101
33 48 195 154 97
64 57 219 114 80
85 50 167 156 90
86 60 165 122 103
79 77 198 147 106
86 49 160 159 101
88 72 211 114 90
56 66 205 150 102
29 68 203 130 97
71 68 193 122 93
96 64 193 157 102
32 59 208 149 106
27 50 197 137 97
20 48 157 113 97
72 73 213 100 84
50 60 205 141 99
91 71 227 155 106
96 79 201 149 104
61 61 170 143 87
91 66 158 142 108
27 78 222 133 99
22 58 170 132 92
78 52 208 128 91
59 58 187 132 96
36 73 232 150 96
30 64 214 141 105
66 80 192 148 107
32 67 200 134 93
104 71 211 122 89
94 73 179 146 106
93 73 199 143 92
104 59 195 129 84
30 79 214 103 82
110 76 226 102 85
28 49 206 135 93
29 72 229 159 89
28 63 167 124 94
90 56 172 154 101
67 74 208 147 106
73 48 192 148 104
107 80 199 116 89
13 71 256 142 113
62 52 183 131 89
46 69 213 138 97
54 74 250 141 97
102 61 205 147 96
96 59 198 156 113
31 69 230 134 101
55 48 163 148 96
57 48 159 101 76
27 68 185 142 97
45 53 181 106 77
91 65 203 109 77
106 70 233 157 95
45 66 213 130 100
60 77 257 160 106
93 64 168 159 90
55 78 197 108 81
88 58 192 103 81
24 49 169 160 107
40 65 241 102 87
40 77 186 101 92
25 51 184 134 94
57 61 172 155 102
59 59 200 105 79
27 62 212 158 105
57 71 227 159 103
17 79 212 150 94
90 73 204 106 81
34 75 222 128 84
51 69 203 130 86
62 77 234 138 103
26 55 187 149 107
32 55 159 112 89
26 49 194 123 97
94 58 214 143 101
81 52 174 129 98
30 73 213 137 91
51 61 163 129 100
79 67 179 114 75
35 60 183 110 82
45 63 180 145 105
72 53 206 104 74
19 58 161 126 86
66 65 179 118 92
43 80 189 158 115
79 74 193 126 82
49 54 201 132 88
62 80 209 132 85
83 55 211 107 92
51 60 176 147 89
73 63 212 105 86
100 78 229 124 84
26 72 244 104 73
103 67 208 138 94
61 48 185 154 98
47 63 240 100 85
14 65 219 131 98
27 48 143 143 98
52 52 184 108 83
71 70 203 141 104
71 53 187 158 107
106 70 212 140 84
88 74 190 132 94
62 69 237 134 91
54 51 181 127 106
91 77 256 144 86
53 48 153 160 101
33 72 178 124 87
13 55 208 125 89
42 67 165 137 103
72 65 234 121 94
30 55 201 102 74
83 49 142 129 97
85 61 216 146 103
88 50 157 125 91
60 48 168 123 97
20 60 217 116 84
38 65 192 107 91
75 64 207 143 94
66 52 176 119 93
48 73 218 144 99
46 73 178 157 100
54 76 203 138 93
34 74 188 134 99
104 49 165 105 86
15 73 228 154 112
44 65 204 148 96
53 60 179 120 103
12 55 198 106 75
15 74 222 138 95
104 73 203 149 87
15 48 211 143 95
83 80 206 110 83
81 53 156 141 111
84 50 181 135 102
22 64 192 102 88
104 72 174 120 90
80 76 201 111 91
74 50 186 129 93
83 65 164 152 108
88 55 153 143 103
26 80 190 110 79
68 78 230 125 97
20 59 205 110 93
70 78 218 133 90
91 80 204 119 84
46 78 221 115 88
34 48 151 117 95
52 61 236 143 85
87 74 211 158 115
25 68 218 150 96
15 73 168 107 88
80 75 198 134 104
21 64 209 159 94
49 51 188 154 97
16 63 241 112 76
24 78 225 152 105
35 71 218 109 90
71 78 199 145 92
108 51 152 116 87
54 61 189 143 94
70 67 166 100 76
75 65 199 142 106
65 54 168 146 104
52 68 172 155 98
91 65 213 136 100
58 69 227 160 109
92 66 211 126 82
69 68 204 146 89
87 64 197 150 104
39 48 182 157 109
78 50 189 123 86
57 69 183 112 91
97 70 212 135 90
104 77 202 145 102
100 78 260 123 99
84 49 175 124 92
83 56 208 104 88
15 71 215 155 118
78 57 212 152 107
28 65 213 151 94
58 60 225 154 104
53 48 170 158 100
65 77 209 129 96
18 68 195 139 93
110 59 162 121 93
49 62 205 124 81
14 80 213 127 83
86 69 238 152 112
86 79 222 132 94
79 55 227 159 100
14 75 190 137 94
110 80 219 109 100
47 78 212 150 102
60 57 203 159 105
98 68 189 114 81
58 77 179 137 85
81 57 194 136 107
72 66 195 114 85
104 74 240 109 79
72 67 169 130 92
59 79 244 158 115
96 50 154 134 94
65 51 202 126 90
95 72 237 151 98
27 61 175 139 91
37 50 212 108 93
87 51 182 128 82
58 62 199 134 91
53 76 200 100 85
67 72 235 115 84
104 63 208 118 87
84 63 187 156 107
50 80 204 101 95
74 50 172 129 88
78 50 176 101 89
18 79 229 142 102
71 60 205 154 96
96 57 191 159 111
50 50 199 120 89
56 54 184 155 107
65 69 165 157 108
18 77 184 151 109
78 68 190 155 89
48 52 173 100 84
36 53 182 140 94
69 50 172 153 93
51 79 223 133 85
88 73 176 144 99
30 62 164 151 110
44 61 201 121 96
25 57 149 107 82
105 76 185 141 107
33 56 199 143 97
27 68 218 139 97
16 56 208 159 106
25 78 231 140 99
27 76 187 104 88
91 57 187 155 90
60 59 184 100 82
69 54 156 121 89
57 65 219 142 99
44 75 249 130 98
60 62 193 137 93
91 52 178 142 88
91 67 208 127 99
57 80 221 128 102
108 53 221 130 107
75 58 191 130 87
45 62 221 130 104
55 74 209 103 76
47 79 198 127 84
20 73 186 159 110
96 75 204 124 101
47 63 203 104 84
88 78 194 118 89
32 49 160 118 86
58 49 171 108 78
53 67 156 150 115
74 71 184 126 93
42 69 226 138 93
36 67 254 109 90
110 60 223 150 99
48 71 211 141 91
21 76 169 105 87
34 50 205 119 84
95 63 182 141 103
107 59 169 122 84
88 66 230 128 91
52 62 210 157 103
50 80 242 112 90
96 62 207 151 110
85 57 210 104 78
61 66 210 114 91
32 65 185 141 91
66 69 194 121 86
52 52 188 140 91
98 67 226 126 100
13 74 220 141 110
98 66 200 110 85
57 62 178 104 97
37 69 232 144 106
99 61 196 126 99
60 52 204 156 102
75 53 169 153 102
16 62 235 113 84
98 52 203 137 96
87 66 215 143 104
16 54 183 105 90
74 79 194 134 92
53 74 171 138 99
104 74 197 149 102
81 55 190 160 94
92 56 158 116 98
104 79 251 106 86
107 53 169 123 83
24 66 204 143 102
102 52 210 124 91
60 69 222 107 83
22 76 219 112 78
93 61 156 101 86
98 70 206 149 103
17 59 195 133 85
13 58 185 150 87
33 57 213 107 80
35 78 200 109 87
56 73 244 135 107
62 74 226 102 75
25 68 250 102 95
100 73 234 127 93
77 56 207 159 110
40 69 183 160 111
31 57 159 145 97
41 76 265 122 90
57 55 148 156 115
39 67 196 151 113
108 72 186 151 100
51 66 167 129 83
50 70 210 130 90
53 60 170 149 105
46 74 251 114 89
25 66 223 131 97
51 61 185 130 89
58 68 217 108 97
18 51 195 153 89
58 73 199 143 106
35 70 237 157 113
84 58 209 127 80
51 65 188 131 93
94 62 194 126 91
72 48 182 116 89
91 51 171 148 86
16 76 209 135 101
93 71 237 144 108
69 58 198 126 86
61 71 221 103 89
70 51 189 160 95
61 74 263 116 85
45 68 204 121 89
51 56 155 100 86
85 68 237 152 107
49 57 217 109 92
49 71 216 159 100
107 54 215 158 111
34 79 208 134 100
45 68 215 132 88
29 74 189 114 85
83 59 209 133 105
81 55 205 104 86
108 80 234 135 90
77 70 197 141 96
19 67 190 111 88
105 51 179 116 92
24 54 162 155 99
47 57 192 109 96
81 75 220 115 94
57 54 191 151 113
92 67 246 150 97
22 49 190 113 89
67 51 201 119 93
94 67 252 128 92
103 69 234 142 104
68 62 202 102 75
28 54 198 119 84
48 68 199 135 107
39 77 199 152 97
47 60 197 108 87
26 66 225 121 94
29 65 223 154 108
47 72 185 145 93
82 71 186 111 82
104 50 205 152 98
104 79 181 142 99
106 75 234 127 94
13 66 212 155 114
20 80 202 159 95
103 52 211 103 94
23 64 191 146 105
33 61 230 135 96
104 65 218 151 96
41 79 214 121 95
71 51 210 144 102
99 61 185 108 97
83 69 199 132 89
23 58 168 138 87
24 65 190 144 96
103 72 166 100 71
68 62 164 137 93
101 59 171 130 94
28 64 185 155 96
75 80 231 113 93
33 60 183 102 87
69 54 183 123 95
50 55 162 131 105
93 78 211 158 110
14 78 181 126 87
91 64 190 116 92
89 69 233 145 94
95 67 235 105 85
70 73 199 139 97
84 74 178 128 102
13 65 173 113 89
105 52 200 144 94
35 70 187 100 81
93 63 238 151 111
81 72 210 133 86
36 58 203 110 96
101 51 209 145 102
43 57 186 103 84
22 66 209 139 96
61 75 245 102 85
82 57 172 126 89
89 62 246 141 91
29 75 217 111 90
94 57 229 160 112
26 62 179 128 95
50 60 181 135 94
59 71 182 115 76
18 76 256 137 84
85 53 172 133 88
100 52 160 115 97
43 53 191 152 100
39 78 184 138 102
46 74 245 149 107
74 74 197 121 89
39 64 224 124 82
94 73 234 143 98
106 68 251 121 95
110 49 212 134 98
71 77 225 129 90
45 66 168 113 88
12 80 239 116 86
24 49 182 115 93
46 62 189 159 100
82 70 256 131 84
61 72 218 122 87
53 79 234 123 98
23 75 198 102 81
18 68 210 159 114
63 52 187 101 94
31 64 173 103 77
33 72 199 107 99
63 77 222 133 90
39 59 185 128 93
55 75 174 119 81
81 78 224 121 83
72 77 226 116 84
28 62 190 146 91
16 65 212 144 92
96 59 207 133 82
38 65 223 113 83
33 67 189 129 102
95 56 190 100 83
79 65 223 117 100
72 50 187 158 92
33 67 211 107 88
77 53 191 133 103
52 80 226 115 81
42 56 179 126 92
96 64 176 112 88
22 76 211 100 83
68 60 200 147 96
50 79 259 135 96
61 49 158 119 93
93 61 211 147 104
14 53 172 100 83
41 62 220 126 87
73 67 198 101 75
56 74 248 160 106
74 62 190 110 79
90 53 190 159 112
96 80 251 112 76
44 79 239 122 97
13 55 190 124 96
73 80 226 136 88
104 67 207 134 91
90 77 204 140 93
85 62 223 113 89
17 70 237 146 91
14 49 159 131 98
51 56 179 138 85
88 75 176 155 90
70 73 252 128 81
104 61 197 139 105
45 58 206 149 104
74 55 158 140 95
108 64 187 136 91
99 80 181 137 92
13 58 222 139 95
76 77 220 101 95
51 66 207 141 88
52 57 198 139 91
38 73 249 135 85
77 57 217 159 94
40 56 213 141 101
34 67 205 101 89
105 55 180 131 93
59 59 193 106 78
20 73 195 141 91
98 72 249 120 101
28 64 209 147 111
102 71 222 145 97
47 75 242 112 88
100 77 259 137 88
42 75 218 123 92
104 49 171 115 97
101 63 243 158 89
56 79 220 111 83
85 52 178 147 107
104 52 200 120 86
59 55 153 120 90
34 55 177 157 90
37 70 169 102 73
37 49 185 125 95
14 74 205 138 90
19 55 195 148 106
21 63 222 130 99
42 67 246 103 79
64 60 197 135 104
82 79 216 150 90
108 70 200 124 88
54 54 175 113 97
68 66 181 125 90
103 51 146 110 80
105 63 168 106 84
72 69 203 140 98
25 49 204 139 87
20 64 179 116 97
14 77 217 110 79
82 64 197 111 95
25 75 192 131 95
98 74 226 127 98
44 57 192 142 100
89 80 235 141 92
72 68 201 106 94
54 51 210 102 91
21 76 168 118 86
63 71 192 132 92
80 67 221 155 101
55 72 217 156 100
35 50 168 124 86
56 59 164 122 97
67 54 172 144 88
98 79 265 131 84
17 69 247 153 91
92 69 194 109 85
16 70 218 113 81
14 53 205 125 93
98 55 168 125 99
98 60 190 156 108
36 55 194 138 89
62 67 186 130 93
43 49 180 153 103
107 63 165 125 100
35 49 141 140 99
89 57 157 118 97
89 60 218 153 112
60 66 199 145 106
78 53 175 159 114
93 65 183 150 95
83 77 194 137 95
68 64 215 158 92
99 61 207 133 103
69 52 163 100 85
65 64 221 114 92
60 56 212 120 88
75 74 217 106 88
103 75 235 144 89
84 74 248 102 83
72 69 199 136 104
51 78 243 122 92
45 73 237 157 105
18 75 222 156 107
77 56 193 140 97
89 54 202 100 79
102 48 160 154 101
15 60 168 155 104
38 58 192 140 105
53 52 192 103 79
52 65 215 132 99
84 58 172 116 102
71 56 181 104 94
34 55 199 145 101
66 69 176 107 81
20 62 242 101 89
41 72 230 139 106
24 62 198 112 89
102 54 190 158 116
105 60 233 117 90
100 50 165 120 90
76 51 172 144 99
30 73 246 115 96
65 71 208 119 91
31 79 246 152 112
64 79 195 139 88
45 72 231 153 102
60 49 193 101 89
78 52 192 148 94
102 78 234 113 99
51 62 189 121 93
60 73 212 103 80
80 74 201 101 95
39 55 217 152 105
24 66 182 110 100
81 69 187 120 101
84 60 196 115 87
25 74 183 142 99
39 52 185 155 104
43 68 199 109 88
39 79 213 139 103
77 51 202 122 81
68 51 151 116 96
28 75 164 141 101
89 63 208 120 84
82 54 202 136 88
40 68 187 107 79
24 66 184 144 96
85 70 210 157 99
72 71 179 157 99
40 61 185 141 91
21 65 198 125 87
68 50 176 108 81
103 58 204 105 89
63 80 229 123 92
45 50 160 157 107
71 76 238 127 93
85 78 216 130 102
98 60 211 136 95
59 70 229 126 95
52 78 215 130 92
30 61 222 156 107
46 72 252 108 88
77 66 244 100 76
49 65 189 160 99
59 48 174 154 109
77 80 234 146 106
102 48 196 100 81
40 52 153 158 110
48 79 170 121 103
35 65 157 106 90
95 49 190 138 95
65 75 233 108 76
96 58 200 150 113
38 67 196 118 93
98 62 168 119 95
27 52 181 130 105
68 73 199 143 102
78 73 235 144 112
81 71 188 119 82
74 50 189 122 99
58 68 187 148 96
43 66 222 109 80
42 68 199 118 94
38 52 177 130 91
91 56 179 132 89
90 80 249 108 84
69 54 163 149 100
49 52 198 100 94
100 71 166 120 104
75 63 181 135 102
55 66 222 147 99
16 59 188 127 101
74 78 246 117 89
92 59 159 102 79
108 55 195 158 118
69 69 185 107 91
61 48 205 142 96
107 49 212 130 103
49 70 166 132 101
20 78 257 134 93
80 61 188 118 89
29 52 170 138 98
47 58 157 104 90
59 55 194 112 91
28 70 195 106 80
76 72 224 105 91
89 67 241 154 105
20 78 210 106 91
83 76 202 158 98
50 75 226 117 80
25 76 201 122 88
104 58 206 116 96
22 57 206 107 85
96 55 199 120 92
89 50 191 135 98
76 79 186 104 79
78 78 233 127 97
92 64 176 117 85
69 77 189 137 89
83 55 213 150 96
81 67 243 104 91
101 69 205 159 107
31 68 202 112 83
67 53 179 104 93
46 59 179 151 94
62 77 194 102 78
79 56 220 140 93
36 77 200 149 102
63 57 187 136 94
104 50 200 112 80
30 65 233 155 105
13 73 262 124 99
33 59 217 160 114
54 80 222 149 100
27 60 154 158 96
44 65 187 126 83
101 71 243 128 107
36 75 227 110 86
86 64 216 101 84
52 62 210 100 76
92 58 156 141 96
24 68 181 148 99
24 53 165 138 96
46 62 184 112 85
105 56 205 159 109
15 79 203 112 81
77 68 253 136 88
14 78 221 133 96
15 48 195 120 94
93 71 210 128 99
26 68 199 123 89
79 76 216 113 90
73 48 157 117 82
60 72 196 150 95
72 53 157 123 89
73 52 197 147 98
23 58 221 127 95
40 64 200 113 95
86 57 228 155 104
42 77 199 157 102
106 69 184 141 97
109 57 188 147 113
97 57 201 132 83
42 49 185 131 98
53 75 206 133 93
84 63 224 135 94
100 75 197 156 97
51 61 201 116 93
25 69 165 125 90
99 66 237 130 89
15 72 190 102 84
78 63 176 135 98
54 48 193 144 101
67 55 206 102 87
92 51 171 153 98
22 52 205 109 90
107 51 189 101 73
68 56 198 155 91
65 57 197 109 86
58 57 203 130 88
86 70 204 103 84
47 71 168 157 104
102 72 219 121 101
91 77 231 150 104
50 62 191 144 100
84 70 183 152 95
63 56 179 109 92
20 68 202 120 91
57 74 219 100 78
52 53 150 133 97
56 73 214 148 92
73 60 198 140 98
79 63 222 121 87
17 57 204 110 88
61 49 193 157 107
44 54 183 112 93
13 55 201 123 91
36 52 183 108 83
21 74 203 100 88
58 53 197 130 96
98 78 213 150 92
88 57 195 137 98
104 58 198 154 109
83 75 211 123 83
50 70 207 150 94
59 66 232 158 104
80 52 174 107 90
103 59 240 144 101
91 53 169 105 86
28 75 246 153 94
99 48 156 117 79
48 50 183 114 93
94 68 228 119 94
82 55 170 132 91
96 48 207 125 83
72 61 234 119 80
24 68 212 126 102
55 61 182 141 108
14 63 189 124 90
78 65 201 159 104
42 59 207 134 95
97 51 153 124 97
17 59 215 129 97
107 70 204 102 77
51 75 201 160 95
66 62 197 137 104
71 76 198 117 77
76 52 211 116 86
55 71 172 121 85
51 62 234 110 87
82 54 174 146 88
53 75 227 154 96
89 67 223 116 87
25 63 200 136 101
17 62 183 108 78
80 70 234 137 93
23 70 198 100 80
108 67 234 129 92
53 69 246 139 95
78 77 233 110 88
84 50 167 103 94
63 75 206 138 96
77 67 204 100 86
43 73 236 155 106
107 58 185 120 92
86 80 241 100 90
54 52 227 154 99
35 57 218 146 94
103 75 221 133 105
93 54 158 150 107
83 79 189 110 97
33 59 182 147 109
23 76 226 125 88
97 50 169 113 78
73 74 230 108 84
93 48 193 143 97
91 61 160 111 85
45 76 199 116 91
61 70 223 160 101
30 80 189 111 78
65 58 159 146 98
105 55 172 153 96
81 74 221 143 102
79 51 165 138 103
105 57 160 136 97
20 50 149 139 106
42 63 185 102 86
38 58 177 147 101
72 79 229 143 111
14 69 197 101 82
22 50 192 103 86
52 59 209 146 97
62 54 152 153 102
36 63 206 147 108
42 74 173 140 98
52 72 202 152 89
13 68 181 140 92
65 73 214 104 84
87 74 233 150 116
55 74 188 116 82
63 67 217 143 89
80 58 168 130 91
67 53 146 100 78
71 68 237 111 88
87 69 242 123 94
43 50 172 144 94
80 75 192 118 91
41 64 185 117 100
89 56 191 119 93
110 54 202 120 85
88 69 195 122 96
66 68 203 134 94
103 80 227 135 89
71 64 209 142 100
32 70 194 139 104
45 73 235 107 75
31 58 179 106 81
93 69 219 130 92
66 77 175 145 103
32 68 208 142 88
97 66 175 152 105
102 59 216 136 90
108 58 234 113 94
64 70 199 119 88
53 72 214 104 92
37 65 224 127 95
98 56 197 151 109
46 54 170 140 103
76 53 173 103 76
46 76 223 133 108
23 49 200 136 100
27 62 219 115 94
57 54 201 117 92
27 49 183 128 90
26 59 193 101 74
30 48 204 109 79
44 70 198 111 81
91 64 212 134 103
106 70 201 141 98
17 49 187 159 103
37 68 220 149 103
61 67 201 113 80
86 79 258 114 80
57 56 223 131 106
90 76 189 142 92
93 76 235 158 109
60 64 211 102 78
77 76 179 121 90
70 68 212 121 91
106 68 217 119 82
13 55 170 131 96
13 61 218 153 111
23 69 207 128 101
45 69 175 113 83
72 71 208 149 105
101 62 217 157 93
86 58 202 160 96
43 50 175 105 85
69 68 216 103 88
70 80 224 154 106
104 54 174 157 94
40 61 217 144 90
22 73 201 120 89
17 70 230 121 90
50 64 164 108 84
51 74 224 122 93
29 75 245 114 82
102 77 243 153 98
42 75 209 116 92
61 50 171 131 105
34 61 192 108 84
108 63 183 154 108
67 55 195 118 78
19 61 171 127 84
47 50 169 123 93
70 71 234 100 92
18 80 200 119 89
66 69 203 107 99
43 48 194 136 92
17 66 211 112 89
34 75 208 103 86
14 78 201 151 108
92 70 162 134 96
38 65 232 155 112
67 59 218 103 83
14 73 236 154 93
25 69 205 139 99
104 79 199 156 89
89 77 221 108 90
94 80 233 160 105
99 63 207 129 95
80 55 178 102 84
103 55 187 160 117
51 66 228 147 101
107 73 235 122 83
42 77 195 148 101
18 63 231 113 87
87 63 190 157 101
52 60 203 132 87
24 79 271 158 102
99 57 207 146 86
20 55 178 143 101
39 52 220 115 96
97 50 179 138 97
109 59 183 160 103
82 56 174 121 92
28 71 175 123 87
12 73 177 130 96
98 50 162 108 79
40 77 209 110 75
29 79 251 128 86
65 57 178 160 100
100 64 164 108 83
52 55 159 141 103
22 66 179 122 91
19 59 184 102 86
44 77 178 120 91
90 49 170 160 106
50 72 204 126 96
20 58 174 127 99
12 49 182 139 96
25 57 181 116 88
33 79 232 148 109
72 55 176 103 96
60 76 203 157 105
12 59 198 157 94
57 80 233 113 85
60 55 228 123 97
80 67 200 139 101
36 72 199 138 104
80 51 150 107 76
90 79 248 133 101
108 70 238 125 91
87 55 166 157 111
81 63 223 154 101
74 67 230 149 103
55 66 181 142 101
102 69 174 150 89
42 70 205 110 94
106 70 223 100 80
66 79 213 101 88
22 74 200 120 98
99 69 200 152 102
47 75 227 138 93
43 57 203 145 96
12 74 254 142 100
42 80 223 134 86
54 70 205 112 85
103 56 173 113 98
48 50 192 130 99
39 64 237 137 93
90 67 223 149 101
41 51 197 105 78
77 60 180 135 103
32 59 207 108 88
67 53 169 107 90
50 65 185 134 88
60 60 202 138 108
43 69 198 136 89
110 78 218 124 95
60 74 184 113 87
26 76 192 130 107
14 69 242 100 87
45 54 217 150 94
69 55 192 158 102
46 49 218 153 111
49 59 207 153 98
30 58 153 131 102
34 55 212 144 96
99 63 223 132 92
45 72 224 152 94
39 80 212 137 102
76 63 245 157 100
56 76 263 133 96
77 69 198 120 85
49 52 196 131 99
48 58 194 149 102
63 55 172 149 84
29 80 179 145 104
40 71 214 133 83
34 70 211 151 109
78 74 206 109 92
90 80 223 130 90
49 74 203 121 99
99 77 197 125 97
46 50 177 104 85
71 62 227 147 96
83 51 207 138 99
25 74 201 158 100
88 77 226 127 83
106 78 214 122 88
80 62 221 117 102
75 56 174 160 113
85 78 254 115 82
83 59 196 132 98
91 76 185 118 94
95 80 223 107 90
72 55 190 110 80
67 77 213 101 81
30 49 163 141 105
24 56 199 104 74
93 51 194 148 91
35 52 210 113 85
38 48 188 154 91
27 72 181 117 91
76 71 180 155 98
99 51 190 141 85
77 77 217 131 93
67 61 169 104 84
87 68 242 133 85
103 62 198 135 94
48 50 178 123 94
87 71 220 104 86
54 69 181 103 85
53 75 237 142 97
26 48 163 143 105
20 76 188 100 95
42 48 202 125 98
19 70 228 123 95
99 49 169 113 91
37 54 205 122 96
21 49 221 142 98
89 76 219 119 99
51 68 217 150 100
86 78 244 157 107
95 65 219 103 93
20 56 169 119 100
35 79 221 122 90
89 67 181 125 88
22 77 185 148 100
78 54 210 147 94
97 50 177 119 87
29 57 206 120 84
60 80 198 114 81
80 73 219 105 80
105 68 227 128 90
81 61 184 141 90
22 69 192 147 106
20 56 205 115 90
24 59 210 121 96
52 59 181 130 88
94 60 177 133 107
92 59 213 160 95
37 51 179 141 99
106 77 252 124 88
104 73 234 102 87
97 51 209 143 98
102 50 185 128 89
53 49 200 105 85
45 73 232 101 85
67 65 185 101 89
17 73 231 119 80
108 65 218 113 84
40 69 182 140 98
102 49 155 144 100
42 73 224 132 89
63 48 168 102 84
77 57 154 122 88
83 61 230 117 97
53 75 226 104 90
100 75 213 138 104
51 73 247 128 106
47 68 210 132 104
14 74 247 121 88
97 62 180 120 92
31 66 200 119 89
58 69 204 145 101
57 71 200 134 93
52 63 204 133 100
12 67 204 106 82
70 77 203 137 99
78 67 220 119 90
45 78 204 107 87
79 62 173 158 90
22 55 190 160 106
58 60 234 113 96
72 58 181 149 97
59 79 247 124 89
84 62 180 140 94
30 61 174 103 79
69 74 257 130 92
73 56 192 107 93
13 54 215 131 94
89 76 242 145 109
12 57 191 129 93
105 58 210 157 112
76 48 179 154 104
65 69 185 132 101
41 58 199 113 85
57 75 218 133 97
77 61 245 141 97
26 75 218 146 101
79 62 227 143 96
80 53 181 109 98
54 51 206 154 106
99 63 175 108 83
73 72 206 139 106
29 62 180 136 88
71 59 205 155 111
51 69 207 143 101
108 70 231 146 100
14 75 212 113 93
107 52 189 149 100
69 77 218 107 91
42 64 177 100 79
43 49 183 158 109
55 74 241 110 89
73 53 192 149 111
86 49 202 123 90
51 54 189 136 91
47 73 244 100 84
77 64 202 135 92
102 52 179 145 95
59 55 164 144 93
66 76 229 100 84
62 52 192 137 86
42 52 184 148 108
44 71 211 104 80
45 59 222 141 95
38 53 171 101 83
31 71 234 118 88
100 70 201 150 89
54 63 229 151 114
104 49 194 110 86
39 55 191 145 95
33 51 169 112 89
92 51 170 135 100
87 70 248 124 89
44 51 185 124 98
77 71 205 158 97
48 58 196 139 94
80 78 188 107 82
70 63 182 131 94
38 56 214 112 79
55 65 166 126 82
82 76 217 108 89
75 65 213 106 84
67 64 182 125 86
60 51 178 114 90
45 52 175 136 98
70 50 168 150 92
50 64 229 108 86
105 54 155 116 95
53 56 201 113 82
60 54 182 137 96
58 63 210 101 84
52 48 162 151 104
44 77 222 102 81
81 69 200 103 85
94 68 230 151 111
63 75 183 117 83
59 64 213 114 90
31 53 180 112 83
106 62 219 119 99
27 66 188 120 84
12 72 184 155 115
32 51 174 120 92
73 49 163 153 108
83 59 183 109 81
74 55 190 104 96
99 62 221 158 113
99 50 169 142 94
21 54 168 116 88
37 56 180 154 108
109 73 244 115 97
105 70 217 131 93
35 66 187 157 116
102 60 154 157 99
53 65 239 101 90
64 60 237 125 91
94 54 150 110 88
100 50 183 151 96
28 66 226 148 95
93 66 168 118 84
47 70 215 120 97
40 67 209 119 89
46 58 194 106 96
31 67 192 121 96
88 76 175 133 85
44 51 145 149 101
87 58 188 129 89
104 79 206 119 86
70 77 218 150 99
35 71 201 155 103
61 69 218 111 87
66 79 222 148 111
32 62 214 104 84
40 58 167 101 83
18 63 186 125 86
29 74 204 127 97
23 67 231 132 96
35 69 171 143 97
85 72 225 145 103
80 77 255 138 100
46 48 181 120 102
96 80 214 127 96
89 55 179 134 88
20 68 217 136 101
96 58 190 158 94
72 76 227 133 95
96 73 229 121 98
59 79 218 143 92
35 52 183 109 75
22 62 179 158 94
59 76 195 107 87
39 55 188 105 83
94 63 197 142 98
57 52 177 134 99
38 51 175 128 92
110 60 152 136 108
31 79 201 114 88
33 79 224 150 110
85 62 168 111 89
30 69 234 121 78
71 58 229 157 103
31 70 215 152 109
23 69 238 143 96
93 60 222 101 77
60 75 222 104 82
77 76 247 141 93
16 77 194 117 86
26 79 251 103 94
103 51 162 141 97
28 58 231 100 86
26 58 178 138 109
94 51 200 146 87
90 58 192 100 77
17 67 203 106 89
97 48 166 107 90
95 60 203 154 102
13 48 186 131 98
59 50 186 140 100
33 60 189 145 93
73 64 186 135 85
98 73 219 147 100
94 77 201 148 111
28 64 216 105 89
82 73 184 150 111
13 72 180 114 95
30 68 218 121 92
27 79 239 119 89
76 73 231 114 89
31 79 200 119 85
72 72 184 106 85
107 70 206 110 80
57 48 192 138 98
96 75 182 112 92
78 52 207 145 97
67 67 201 130 98
71 57 198 137 89
104 52 205 134 95
33 55 155 114 89
97 54 175 144 97
78 80 208 123 103
80 78 211 154 102
31 68 229 150 109
46 53 213 128 95
109 70 187 115 92
66 61 181 122 88
109 74 212 126 98
22 76 241 125 92
47 65 206 150 104
98 74 218 155 97
75 61 213 147 94
37 56 165 127 90
110 56 231 111 78
65 77 181 124 95
54 77 254 157 117
38 58 195 128 95
25 75 261 126 86
31 67 204 134 98
34 68 191 154 102
90 53 199 125 91
74 70 245 158 100
76 79 202 149 103
23 68 194 143 111
47 70 207 111 100
67 71 232 104 90
20 63 230 104 83
43 79 236 149 98
74 56 206 115 75
102 78 217 123 91
94 58 215 110 85
39 68 221 157 92
49 60 190 137 84
15 74 231 105 87
24 48 193 145 105
60 58 200 116 86
30 73 234 110 80
36 76 214 126 90
29 71 180 113 76
28 70 201 149 90
50 53 200 111 98
71 61 189 157 101
79 52 206 154 96
32 78 209 131 83
55 76 234 127 92
103 61 193 125 91
44 73 172 103 80
51 59 188 159 94
36 55 217 116 79
75 62 210 150 92
67 66 236 151 105
39 80 224 159 105
30 52 200 145 102
34 62 194 135 93
104 58 213 101 82
45 63 208 156 96
53 52 180 137 95
84 65 197 112 89
81 59 212 107 100
36 73 265 135 85
44 75 231 114 97
42 57 185 130 95
84 76 187 146 100
39 76 207 122 89
57 79 182 107 82
46 57 226 157 99
75 57 203 131 92
42 55 151 143 105
40 78 196 105 83
55 77 227 158 103
90 66 184 158 108
12 75 219 150 102
34 61 196 119 81
25 59 207 110 88
94 60 192 141 89
53 49 193 141 108
61 59 211 140 90
62 60 230 157 96
42 64 214 125 97
47 51 203 104 88
41 49 206 101 85
70 50 192 130 90
69 78 235 104 85
56 80 240 155 95
93 63 182 108 79
82 59 156 130 90
86 69 160 119 79
44 55 205 139 96
43 64 211 111 98
99 75 255 155 110
72 68 177 135 95
78 72 194 100 95
50 75 209 147 100
70 53 188 130 84
73 65 226 159 103
65 74 211 114 94
45 64 201 132 90
39 73 216 119 80
43 51 159 141 91
89 68 242 123 93
56 58 194 122 99
84 76 244 149 90
86 58 225 156 96
80 79 172 112 98
107 61 221 128 95
82 76 231 139 95
102 59 175 148 100
76 62 210 114 83
75 51 157 114 82
71 57 150 123 95
87 51 205 100 92
107 80 268 150 108
15 64 189 128 95
109 53 198 107 85
54 79 267 116 91
32 48 196 102 89
18 63 185 141 93
80 56 207 101 89
52 55 199 106 88
90 76 209 147 104
101 62 209 152 105
64 68 189 153 100
109 60 231 157 99
15 67 173 148 108
101 80 207 155 111
90 79 209 120 86
94 49 171 120 89
80 76 223 122 95
42 58 224 142 100
108 68 207 124 91
35 66 236 144 84
98 48 200 137 92
56 66 195 158 116
29 74 187 134 87
70 53 222 133 104
45 78 238 122 95
75 55 177 130 95
27 74 201 131 101
12 61 208 157 105
33 48 213 152 103
46 71 175 129 91
90 55 173 102 86
77 53 186 135 102
110 75 172 142 95
90 62 213 153 103
61 68 211 157 99
16 52 176 142 91
67 62 200 122 98
48 78 240 124 95
95 65 224 149 86
97 74 199 101 88
67 77 184 152 110
86 66 191 144 100
61 57 193 124 95
22 63 189 137 89
90 51 162 103 79
22 50 152 131 103
65 80 249 129 100
105 49 165 142 107
44 51 161 103 97
105 57 223 154 97
79 58 184 130 94
88 48 179 128 92
61 71 177 110 90
104 53 198 140 100
20 50 158 152 108
31 77 226 144 105
88 50 206 107 91
105 73 233 145 101
12 50 170 157 109
87 68 197 132 81
90 49 192 125 89
74 64 208 112 82
45 76 224 114 80
86 52 196 124 86
35 73 181 123 92
15 60 164 108 83
87 62 218 118 90
100 78 194 107 89
67 60 173 108 80
46 59 175 151 97
58 62 224 149 94
89 59 203 127 97
26 70 228 146 97
49 64 179 120 93
105 58 186 100 86
91 54 159 157 109
70 50 184 135 91
82 58 219 108 85
82 52 145 139 93
17 65 201 101 90
53 80 196 146 104
97 80 225 106 94
17 49 178 126 97
87 76 248 130 85
74 69 203 133 93
98 50 171 160 99
13 62 192 109 83
87 59 219 111 91
93 54 217 100 78
25 52 200 126 101
77 68 167 123 88
85 60 224 157 107
87 53 155 109 76
106 75 249 115 90
76 54 174 126 102
102 76 200 149 94
58 48 160 100 87
14 69 259 115 102
70 48 198 139 93
64 52 174 127 91
59 64 195 151 105
30 80 232 144 89
96 59 173 112 100
87 69 217 122 88
66 75 242 118 89
54 72 244 158 100
61 52 200 100 75
102 59 197 120 84
105 50 186 141 93
47 52 175 120 86
93 73 220 132 84
71 71 222 136 102
95 49 188 150 101
40 70 204 153 103
86 48 187 101 77
88 50 201 107 88
47 77 220 123 101
77 66 176 139 93
49 59 183 153 104
60 69 225 131 97
104 62 199 159 102
61 75 217 109 92
86 72 207 157 101
104 78 271 104 80
15 52 206 132 84
44 55 182 128 91
90 76 253 103 85
41 56 183 158 101
45 61 214 129 83
89 78 257 136 92
80 66 189 143 97
18 69 234 154 104
76 69 206 153 96
60 62 180 144 109
96 80 240 118 92
109 48 138 127 103
18 60 238 128 81
55 71 216 105 84
23 55 163 158 105
64 62 176 103 95
88 78 236 137 87
32 66 177 131 100
21 52 197 126 91
33 66 231 113 82
105 70 219 144 89
106 56 153 153 109
33 73 190 104 84
60 49 166 125 91
89 74 247 131 95
27 76 230 154 103
101 65 178 111 95
108 69 224 149 91
27 55 194 119 89
88 57 188 110 95
82 69 228 159 94
19 69 230 124 98
15 59 177 101 95
66 62 199 103 97
28 53 165 116 89
65 65 192 120 85
43 74 211 152 86
38 58 166 117 96
76 79 257 153 103
31 75 190 137 89
86 53 223 152 100
20 66 209 122 98
25 53 154 154 109
32 70 224 128 93
78 53 210 112 91
27 59 228 125 78
48 61 195 122 93
71 72 192 159 101
38 52 210 153 105
57 79 259 103 88
33 59 195 139 97
42 64 177 148 105
20 65 186 108 79
88 77 236 139 88
45 75 240 117 82
90 67 186 122 103
86 76 259 157 100
43 79 207 142 96
89 48 159 135 94
89 68 214 101 96
32 51 166 150 96
38 59 192 136 108
70 67 185 128 93
41 75 270 114 93
30 57 195 129 93
14 64 193 115 88
36 63 190 154 111
17 61 176 144 93
102 67 191 153 111
82 69 225 117 88
69 67 202 143 100
70 70 171 122 95
74 51 164 137 93
29 76 206 134 101
56 69 218 134 97
78 48 187 142 109
78 70 193 155 93
30 63 222 105 80
87 58 202 119 90
50 53 170 109 96
88 64 229 107 91
109 66 231 101 83
90 61 187 141 106
102 76 232 149 88
44 76 202 106 85
18 80 221 101 85
30 56 213 155 103
23 69 197 104 80
64 52 156 155 101
102 57 204 152 109
52 69 209 156 108
80 72 227 106 94
86 71 187 148 89
80 66 223 155 108
26 63 232 112 84
104 54 166 123 99
76 68 175 102 85
28 57 197 156 101
38 53 180 144 89
99 65 233 150 96
37 78 270 160 109
63 72 170 139 98
63 64 158 124 100
96 62 172 153 92
52 62 191 121 89
35 80 260 143 91
14 79 272 147 108
85 59 202 106 91
34 79 214 140 95
21 56 177 136 97
88 72 191 111 77
83 72 250 143 91
27 61 213 129 84
105 77 208 101 76
25 77 217 126 97
76 78 218 153 97
49 51 194 114 84
93 71 215 116 78
57 68 165 116 93
19 71 222 118 93
12 53 171 117 94
84 55 170 113 87
23 79 196 148 101
68 73 185 121 85
51 61 153 108 83
58 51 167 141 105
29 48 205 150 110
27 56 177 157 104
54 59 231 102 87
96 69 193 145 107
22 60 195 130 93
58 60 191 113 99
43 65 169 155 112
35 57 151 160 104
87 68 179 155 101
67 70 212 134 89
107 71 256 121 83
88 77 222 111 86
78 59 187 125 92
100 78 207 149 109
99 55 217 151 103
44 57 172 119 81
23 60 210 106 94
86 73 195 119 95
104 71 172 159 113
99 80 221 142 101
62 69 176 110 95
62 54 205 126 101
45 79 255 108 93
98 51 183 141 100
76 77 219 151 98
64 55 206 140 96
43 54 184 102 93
63 51 155 142 101
81 64 219 142 91
36 63 171 121 104
97 53 144 123 94
14 65 182 106 87
19 65 217 135 93
64 69 215 140 97
34 80 273 112 83
44 49 187 131 87
43 64 178 150 110
28 48 167 140 90
86 68 199 145 92
82 65 219 147 94
37 58 168 122 79
91 73 213 150 100
66 58 166 155 110
108 61 203 145 107
104 69 211 131 93
12 62 190 149 104
106 76 215 111 93
25 76 242 157 106
22 73 243 123 87
39 71 213 136 92
44 63 200 105 83
87 69 207 109 81
37 73 189 127 90
62 62 195 160 102
101 51 210 103 83
49 57 180 150 116
52 72 239 146 100
75 63 177 104 89
25 55 194 128 107
23 54 186 101 88
97 55 168 138 95
83 49 166 113 87
34 66 197 107 84
93 53 210 119 87
104 58 195 151 108
64 54 158 123 84
71 79 218 153 98
35 51 165 114 83
103 74 195 113 91
88 71 257 116 86
87 76 186 118 96
38 65 160 126 91
93 59 196 143 91
72 65 221 109 90
98 56 156 130 79
48 57 211 100 80
35 69 219 121 85
106 52 173 103 80
79 72 249 134 98
69 57 217 129 92
71 79 203 133 90
27 65 183 154 93
35 79 202 103 83
46 77 203 150 97
71 64 206 150 101
16 71 207 144 100
87 59 180 124 101
24 73 233 113 85
23 54 189 103 90
51 68 186 150 108
12 51 206 113 84
100 74 228 133 104
40 53 202 114 88
41 63 227 133 108
25 77 209 105 82
84 53 190 149 85
91 73 192 132 94
61 67 242 130 89
37 69 180 127 96
33 59 237 117 83
81 51 188 103 93
54 61 152 108 88
93 72 202 105 86
81 50 159 106 91
87 67 193 103 81
77 60 186 159 109
54 54 198 127 84
21 66 231 144 88
30 66 219 106 84
80 53 190 137 103
25 51 195 125 91
42 75 208 114 84
47 66 161 133 106
19 68 226 144 108
97 61 190 106 89
63 71 235 107 86
100 58 194 108 95
49 66 212 101 84
92 51 194 119 84
84 61 190 135 87
98 79 212 102 92
65 64 195 141 91
65 63 177 129 96
28 50 202 156 91
46 57 199 157 94
82 60 171 147 96
110 74 207 129 94
36 73 242 128 98
18 68 194 115 76
34 60 168 118 84
34 63 155 148 104
41 75 191 121 99
29 79 227 104 88
31 79 220 107 77
39 70 188 117 89
96 76 261 145 99
72 68 208 108 87
19 63 189 132 93
24 61 220 138 98
60 57 173 155 105
16 74 207 103 77
75 49 163 131 95
18 62 210 144 97
85 75 219 145 94
80 56 175 131 98
42 61 204 158 106
64 71 199 157 103
30 76 233 155 91
34 54 203 112 77
15 51 156 135 104
93 73 182 154 102
104 68 208 105 93
24 74 206 154 96
105 63 166 143 95
72 56 153 154 98
86 62 241 156 105
83 77 252 132 88
66 48 174 146 97
45 70 249 128 104
89 73 223 108 95
68 54 189 119 96
71 60 188 131 92
53 65 185 134 98
49 58 219 151 99
90 59 208 100 78
109 54 211 153 88
51 48 221 160 99
25 72 242 119 84
34 48 150 117 90
25 68 241 149 93
59 76 224 147 100
82 74 218 149 91
44 62 235 122 92
76 77 224 107 95
39 68 203 119 93
70 51 151 120 83
88 75 201 153 99
98 78 247 142 87
13 58 227 149 108
94 64 209 140 101
67 52 200 127 93
12 79 196 155 115
61 71 170 103 76
82 67 233 135 97
43 52 184 112 95
34 74 233 133 87
100 74 194 152 107
52 64 177 106 84
58 55 173 138 94
101 78 174 127 95
46 58 203 160 97
104 51 167 155 110
66 63 200 102 79
38 48 181 131 93
71 57 199 112 97
49 67 220 138 83
51 56 216 157 117
72 73 237 102 85
90 74 236 146 107
88 67 229 140 93
103 62 201 159 104
62 49 207 154 94
81 78 238 156 107
13 72 207 149 98
16 54 200 119 82
79 74 238 135 92
23 65 226 109 87
59 78 257 142 97
82 75 183 114 83
60 66 225 144 105
82 48 174 103 90
26 51 200 130 89
88 59 150 156 105
30 64 168 153 101
73 67 207 120 81
82 56 206 148 109
97 62 237 152 102
75 68 220 131 98
106 50 212 101 84
52 60 200 113 92
48 70 230 154 96
86 62 183 137 107
42 58 171 124 97
27 52 156 137 88
25 73 205 136 101
32 56 174 155 103
109 75 170 143 102
14 58 175 160 111
65 50 155 115 84
74 66 184 105 83
97 72 178 156 106
18 64 164 112 92
85 56 199 158 106
32 48 202 114 91
51 63 198 153 116
54 74 223 136 86
20 59 189 152 99
89 74 185 157 99
59 60 159 100 79
108 80 234 128 88
49 80 242 100 82
94 64 184 155 87
49 73 212 113 87
27 54 186 145 111
32 53 165 116 92
39 52 176 160 105
15 61 161 150 112
49 48 166 140 108
55 58 186 129 88
60 63 191 137 106
26 62 232 142 94
85 51 180 101 73
84 79 222 133 93
41 67 219 140 95
26 48 159 142 94
48 78 257 131 93
12 72 225 156 99
108 52 189 129 82
12 56 203 160 117
34 64 204 124 84
93 60 175 149 94
56 51 209 113 92
30 58 186 155 102
86 48 185 122 79
24 74 208 115 90
93 53 195 158 101
80 49 193 125 85
47 73 214 159 93
78 65 230 147 104
98 66 212 129 90
72 56 204 120 88
81 72 230 121 81
100 56 178 103 76
94 74 174 125 91
81 68 221 129 96
78 67 181 153 103
66 58 171 134 102
20 49 180 157 104
50 60 233 148 97
101 67 202 158 93
16 79 229 132 82
26 75 232 151 96
89 51 179 140 87
95 59 211 145 98
78 71 191 140 109
49 71 231 100 89
35 76 190 106 74
99 66 228 147 92
59 76 222 108 88
27 71 256 149 114
76 62 218 100 84
15 64 197 145 96
23 77 181 155 92
73 52 196 101 84
89 51 203 144 94
45 79 191 150 96
92 76 198 141 95
74 71 180 119 100
54 77 212 100 87
35 80 207 159 111
80 55 162 104 83
32 48 181 155 100
60 57 169 151 98
20 63 198 103 88
95 76 224 157 101
26 58 208 112 93
14 80 235 160 96
109 67 238 123 77
107 65 195 117 92
107 52 176 112 85
35 58 197 137 101
89 68 209 101 84
51 75 211 151 94
74 69 197 147 100
75 53 182 110 86
68 60 186 121 79
107 64 243 139 92
98 53 177 118 98
67 52 214 105 92
92 62 233 140 97
93 58 195 159 111
64 54 218 106 92
81 64 198 143 100
52 62 233 103 85
71 73 219 121 86
15 57 203 147 89
96 64 227 120 89
89 64 180 151 108
72 80 215 103 76
41 77 240 105 85
104 73 239 143 100
51 62 167 128 101
42 71 229 144 100
18 79 177 106 76
33 53 153 102 86
50 80 183 102 77
29 73 210 132 92
100 63 190 150 113
58 76 229 106 79
73 62 216 103 88
79 67 198 107 87
93 50 176 101 82
13 55 195 120 92
38 61 208 122 91
83 62 201 124 96
38 65 229 104 90
89 75 209 104 93
105 77 234 111 91
55 54 215 151 88
33 67 192 148 89
24 77 232 149 102
37 80 229 152 90
36 79 254 139 94
103 65 201 116 82
41 51 213 158 110
16 55 190 144 104
12 77 189 135 98
97 75 218 122 88
16 72 210 122 99
84 70 248 155 101
32 75 213 139 96
59 75 175 139 97
42 76 213 122 97
75 62 192 140 93
106 61 231 130 81
69 50 168 119 91
100 57 194 125 84
53 69 184 146 100
63 58 227 150 100
26 48 159 104 86
64 57 187 120 89
40 67 181 139 104
79 57 189 151 99
84 79 220 113 85
96 57 179 122 90
87 62 219 108 86
36 64 162 145 106
96 61 224 148 95
36 69 190 101 80
44 63 183 102 80
64 61 164 135 90
70 52 187 160 103
63 61 194 154 105
63 74 189 153 98
106 60 187 122 93
35 51 171 108 83
46 63 161 108 85
30 59 174 119 91
61 55 191 116 96
38 72 199 153 102
91 56 177 139 101
93 55 168 129 94
110 49 165 150 113
80 78 217 116 100
34 73 244 147 99
96 78 192 112 86
47 48 204 137 103
68 51 183 144 94
102 55 194 105 89
59 80 221 156 101
32 80 209 123 81
81 53 174 117 92
95 51 203 131 99
21 63 201 144 96
33 80 236 157 96
58 49 178 141 105
100 64 225 146 97
51 68 185 157 100
84 73 167 152 97
41 69 212 155 100
18 75 164 132 97
52 69 205 101 83
58 73 223 132 98
29 49 160 100 87
17 64 220 107 95
36 69 207 143 94
106 71 207 142 98
85 48 193 146 85
48 55 190 126 88
66 59 193 121 90
85 61 171 134 109
100 57 228 147 95
35 49 190 142 89
109 56 175 121 85
80 76 264 154 88
81 64 176 128 85
101 48 166 108 83
90 76 206 142 99
99 62 194 114 79
56 69 227 142 100
85 60 208 158 98
34 51 166 160 107
43 61 185 101 86
27 48 206 134 95
24 72 213 151 100
90 60 205 113 84
69 69 224 141 97
44 58 177 117 88
53 49 176 141 102
35 75 201 115 77
17 71 225 126 101
106 62 223 120 98
36 51 205 103 85
22 48 211 136 105
47 69 167 131 105
54 79 204 152 100
12 65 211 115 90
50 61 170 158 103
77 66 187 148 110
60 68 206 137 102
64 58 194 108 84
81 79 250 126 93
77 63 200 149 97
34 57 163 154 92
106 72 218 138 96
14 76 266 115 90
74 51 202 120 90
55 75 247 134 102
87 75 233 143 97
70 57 189 138 92
15 54 149 142 91
110 63 182 138 84
84 61 184 117 92
15 71 200 109 96
98 49 160 109 96
92 73 188 105 86
54 69 208 102 86
74 63 186 133 96
52 73 245 157 98
31 69 219 110 95
109 71 221 111 91
76 77 268 131 101
44 54 200 130 96
93 71 210 132 100
48 52 162 108 91
20 73 225 155 100
49 69 207 120 83
47 49 166 129 102
102 70 220 145 104
41 61 223 160 119
83 56 188 114 81
106 62 173 138 106
82 56 207 102 93
84 60 182 101 82
58 74 255 101 90
22 52 191 146 102
64 80 222 142 92
12 73 211 122 88
19 73 217 103 88
77 59 177 103 85
19 78 198 140 103
37 76 212 108 83
69 55 215 114 84
70 72 234 142 92
63 49 164 107 85
91 53 192 120 94
70 58 187 146 100
97 71 232 133 100
46 78 183 102 81
50 60 191 137 84
103 69 238 132 94
19 49 163 113 96
15 52 159 143 86
13 54 157 117 78
80 51 169 101 77
86 73 233 102 85
108 79 185 114 78
52 62 177 127 83
99 69 238 110 82
53 64 224 108 92
87 79 207 144 87
30 71 222 108 93
56 72 223 153 111
36 70 221 157 96
40 63 235 113 80
65 73 198 107 95
15 63 211 122 96
98 59 189 151 100
62 65 223 109 86
107 53 196 119 91
19 72 213 115 99
45 80 261 160 98
77 53 179 152 111
20 77 180 137 91
39 76 204 107 90
103 75 248 147 98
15 80 211 111 79
69 79 205 156 107
74 51 191 125 103
87 80 228 121 88
107 60 172 143 87
109 54 157 143 100
108 52 159 122 91
83 70 212 125 78
54 76 235 139 93
50 76 204 112 89
30 63 237 153 101
94 69 168 139 96
19 74 211 121 92
19 48 170 126 92
80 75 234 139 96
23 62 186 143 98
87 69 162 143 97
28 48 205 122 86
55 62 203 147 108
49 66 200 130 97
50 60 217 105 83
16 66 228 101 81
89 73 198 112 89
90 77 182 120 98
72 57 174 112 94
68 67 214 148 106
27 56 198 148 108
39 54 187 113 88
37 79 192 142 101
25 62 227 141 98
81 74 223 141 98
36 80 221 141 107
71 62 219 123 87
103 65 178 150 97
14 56 217 119 99
58 79 211 119 85
70 61 224 108 79
92 61 194 157 108
24 53 193 129 86
44 61 198 117 82
91 79 225 146 99
31 70 177 138 92
32 73 213 139 99
21 59 168 128 83
79 74 202 110 89
52 79 239 111 97
45 61 202 141 98
63 48 163 113 94
52 48 172 106 88
56 63 200 118 80
83 58 227 145 101
91 49 205 156 98
66 69 200 112 87
36 66 201 109 81
85 58 160 143 98
32 55 196 138 90
104 60 198 158 105
31 74 184 107 91
94 64 223 143 96
50 67 211 115 82
58 57 195 138 97
82 63 193 155 103
79 51 191 132 97
85 63 217 129 85
107 68 226 135 97
30 67 207 112 81
79 72 203 109 95
14 76 211 145 85
106 68 245 126 90
90 49 178 154 104
48 58 215 126 98
88 70 237 153 114
69 53 179 131 92
72 76 211 129 83
27 54 182 124 81
21 58 167 132 93
63 51 226 112 92
50 66 213 116 95
20 69 233 123 93
28 60 199 141 104
79 73 225 136 92
68 80 201 141 92
76 76 216 125 93
14 79 220 116 94
20 66 209 133 92
96 62 208 160 97
16 61 181 101 84
88 76 223 115 94
17 53 227 128 103
99 77 223 157 110
73 71 214 112 83
94 52 177 132 94
47 49 180 120 95
44 52 197 158 95
31 60 194 127 96
16 53 171 111 84
34 71 174 136 97
37 52 179 120 93
110 80 232 109 83
102 57 211 152 97
65 69 240 146 99
63 64 162 147 99
87 78 179 106 82
40 61 182 114 87
69 73 230 113 90
108 71 206 135 107
47 76 210 152 108
90 77 204 110 94
84 50 167 136 93
16 48 146 158 94
18 69 179 124 85
19 59 225 140 94
105 76 199 143 92
40 53 213 114 95
72 78 258 149 92
12 62 207 132 102
72 68 189 158 113
68 59 188 145 94
35 50 178 130 92
55 48 195 110 81
105 54 220 121 97
60 72 233 113 83
86 80 268 156 95
90 68 239 136 94
68 57 189 135 97
55 70 227 128 99
57 71 244 154 99
15 61 192 101 86
91 58 193 136 88
77 58 197 115 96
58 66 188 130 83
26 58 198 106 85
69 66 201 103 78
52 72 244 144 100
45 60 214 106 78
15 69 240 134 91
79 55 175 149 107
12 53 172 103 76
77 64 210 125 88
85 58 173 106 80
85 51 170 123 102
107 55 208 138 82
19 68 219 157 88
85 80 235 136 93
12 71 242 143 94
93 49 169 104 82
18 66 239 154 113
19 60 194 100 81
93 65 179 138 99
91 63 179 123 91
35 49 191 126 100
43 49 155 124 80
22 60 201 138 98
107 69 193 155 116
107 65 170 101 75
87 70 196 132 96
20 57 189 117 81
96 51 168 102 93
36 54 203 136 86
34 50 182 116 85
69 72 250 156 95
36 67 182 111 82
101 68 167 143 96
47 62 232 137 98
28 52 177 125 100
39 51 184 105 92
37 76 228 153 101
76 77 216 153 100
85 49 176 155 114
90 55 193 105 77
106 65 212 154 93
28 59 206 135 98
22 78 206 150 102
42 62 225 121 96
73 58 193 157 99
102 67 191 137 92
101 50 193 135 84
36 63 180 141 88
91 58 201 111 86
48 68 191 155 93
46 70 227 124 88
80 63 184 136 104
36 66 201 113 92
43 56 171 125 96
102 74 242 122 95
57 56 192 103 77
19 67 206 146 104
62 58 182 160 105
30 68 221 117 89
104 72 254 157 105
34 61 184 133 97
110 49 138 104 94
77 79 268 112 93
91 51 185 152 104
109 73 208 147 112
89 79 212 157 116
51 75 191 141 95
38 69 187 149 100
38 67 211 130 97
30 69 195 130 83
32 75 239 133 82
92 72 238 131 96
62 70 245 106 89
35 71 204 129 96
58 68 217 111 81
87 48 181 114 94
86 63 224 140 106
106 51 184 134 102
44 51 171 142 99
105 77 199 140 95
55 75 225 160 111
62 70 191 153 101
67 64 226 106 94
59 63 205 129 82
28 54 207 132 102
40 73 221 135 99
80 52 180 153 114
22 76 175 116 100
44 59 218 114 90
70 77 222 136 102
71 60 167 117 86
43 69 230 137 87
42 64 168 126 89
98 70 211 126 83
83 73 221 101 77
110 59 228 138 95
87 50 179 109 87
79 51 201 141 97
73 71 191 137 102
49 67 217 135 97
47 67 203 101 81
17 76 223 140 100
31 76 199 150 108
105 66 246 129 100
54 51 212 127 104
66 51 173 151 108
73 60 184 111 93
28 61 209 151 102
62 49 185 100 84
14 79 206 108 88
18 74 211 104 94
35 67 201 135 94
39 61 217 112 98
87 50 186 110 91
106 79 244 148 98
22 65 216 143 95
53 61 212 127 95
86 79 224 132 96
38 76 244 128 81
70 78 262 139 83
86 59 230 104 80
88 55 170 103 90
14 55 172 145 96
92 48 200 142 105
77 71 214 134 98
87 53 169 136 103
70 58 221 143 96
16 58 160 142 103
82 75 217 141 93
38 57 179 101 77
46 72 212 133 93
37 75 199 109 86
12 61 192 128 87
69 62 209 151 100
64 76 245 139 99
35 53 198 127 90
82 58 178 158 102
53 67 207 123 105
77 67 226 108 85
93 79 255 142 98
66 52 173 159 106
104 68 182 106 83
58 72 236 143 93
22 80 191 147 101
76 72 206 136 91
106 66 194 128 90
14 73 193 129 85
22 77 207 132 98
69 58 226 150 100
89 80 239 138 100
64 55 193 151 98
42 70 222 154 87
31 55 165 112 91
99 69 216 145 99
20 53 213 141 107
40 76 212 127 85
91 53 180 101 83
96 65 202 124 92
30 69 206 127 99
49 60 201 119 92
42 72 199 121 87
55 56 215 103 89
77 77 241 111 94
54 78 262 134 90
25 48 218 159 111
34 50 201 143 101
21 55 202 136 88
48 54 185 107 93
40 57 194 130 96
22 74 210 113 88
101 55 163 133 84
58 66 203 143 110
57 71 228 136 111
95 62 235 113 85
14 50 217 137 91
35 48 184 128 92
50 69 224 110 85
105 63 224 145 100
106 53 182 130 97
68 53 189 154 95
30 66 206 126 87
103 66 166 117 90
20 61 189 111 91
82 51 169 107 88
61 60 197 153 100
47 57 195 108 80
16 51 203 145 108
81 59 204 133 85
84 75 219 142 100
49 79 273 104 87
104 75 196 136 89
14 49 177 128 91
45 78 190 120 95
81 61 223 131 104
97 73 215 101 76
101 51 193 118 93
59 68 218 129 95
23 53 177 121 94
15 77 215 153 108
80 77 267 132 96
24 57 163 142 94
57 62 205 159 98
77 61 239 107 93
47 62 177 129 105
104 55 154 118 88
28 74 254 108 87
82 68 186 124 85
107 77 215 107 75
77 70 198 103 92
44 70 207 120 105
57 56 161 115 78
59 73 255 102 79
93 76 228 159 105
51 59 177 116 94
27 69 195 135 95
62 69 225 106 90
21 52 183 133 98
14 76 220 115 100
30 75 247 150 109
74 64 221 145 92
36 66 181 134 93
34 53 183 112 87
38 59 178 130 97
29 78 186 158 102
101 64 218 153 114
22 53 175 145 95
30 65 204 140 91
85 52 188 123 100
56 50 205 148 94
101 73 209 130 93
109 76 186 155 99
41 64 182 118 96
36 67 229 131 91
15 58 198 146 94
106 73 230 113 84
64 63 219 130 100
28 75 244 104 86
40 48 181 105 76
42 65 176 106 86
76 76 193 122 88
100 53 176 120 98
26 77 222 136 95
50 67 173 125 98
41 50 194 135 84
88 56 217 147 104
102 48 182 125 84
45 48 207 115 94
65 62 180 148 93
31 69 257 131 102
29 54 193 136 101
56 68 213 107 83
32 61 186 126 88
95 76 174 160 101
102 58 202 141 103
102 73 222 144 89
98 78 217 104 85
25 69 186 138 99
51 70 175 141 84
92 70 213 103 88
85 62 197 106 84
109 80 241 130 84
54 67 185 118 94
83 64 205 111 86
100 76 224 131 103
15 72 216 134 105
41 70 242 151 93
83 66 167 106 89
19 77 217 149 101
59 57 171 108 84
41 56 185 121 99
47 68 214 158 97
54 80 205 124 94
23 59 208 131 80
89 65 221 133 99
95 64 223 141 110
68 79 179 151 102
96 50 183 109 83
18 51 204 136 90
47 50 145 144 95
17 50 202 122 84
51 75 203 146 92
88 79 200 112 90
35 73 230 108 88
108 75 188 136 98
56 64 210 104 83
13 70 226 102 76
46 56 167 159 100
80 57 188 138 88
32 71 246 135 102
26 67 228 157 97
37 64 206 120 89
59 48 159 108 91
28 68 187 131 84
30 56 215 130 90
66 50 163 139 90
74 79 215 131 102
27 60 197 131 87
51 76 210 110 93
106 72 234 129 102
87 65 218 136 102
84 64 181 146 87
91 67 206 115 85
64 59 222 145 100
79 73 212 101 88
54 51 161 155 107
99 59 228 142 101
56 80 268 150 93
91 79 226 148 85
31 57 172 122 97
16 68 226 123 94
57 52 188 148 98
79 61 193 129 95
19 64 212 146 92
32 58 199 121 78
89 50 203 107 86
85 63 197 147 101
24 65 217 144 100
19 53 189 137 108
34 78 204 122 89
32 51 191 110 93
71 63 211 118 89
28 63 198 160 101
52 68 165 148 95
39 52 154 117 78
95 78 205 127 91
59 70 179 148 103
41 77 249 116 81
110 54 202 145 110
80 69 234 152 102
39 74 192 116 87
81 77 213 122 94
96 64 220 133 90
39 76 223 108 87
107 53 212 124 90
89 58 233 122 91
102 55 188 146 88
106 68 232 145 108
18 80 174 111 82
39 69 191 146 101
87 77 229 125 89
97 79 252 116 85
26 77 183 122 86
14 52 212 126 92
22 58 235 119 92
42 63 192 115 91
46 76 230 115 84
49 74 216 137 103
76 54 180 105 81
90 70 251 127 83
77 58 186 154 96
42 61 172 150 109
43 76 199 115 87
31 73 196 131 84
107 52 169 136 96
76 62 225 147 100
85 75 221 152 98
53 51 188 113 90
84 64 189 115 84
69 74 243 131 85
82 78 213 152 98
41 59 240 140 92
53 76 227 159 99
78 68 198 117 82
86 68 236 113 92
55 66 216 131 98
26 61 223 114 81
71 58 215 159 94
46 57 231 127 105
51 49 185 119 98
20 50 193 113 93
39 49 181 159 101
27 73 216 110 95
104 80 224 113 92
38 68 186 114 94
64 60 210 120 101
55 74 220 101 86
105 60 163 158 106
45 80 227 150 98
79 69 235 124 85
46 52 156 126 103
96 64 209 110 86
20 73 210 148 97
91 57 197 113 89
35 76 206 109 89
56 48 208 108 76
32 71 163 126 106
88 56 184 143 96
62 55 162 142 105
83 55 221 130 103
44 77 225 107 86
60 62 178 158 105
64 62 168 126 98
76 49 150 141 107
38 54 184 152 96
35 75 243 146 84
83 74 199 145 93
42 71 180 112 95
56 51 220 136 94
92 79 223 118 95
77 56 189 125 87
20 68 223 160 111
95 50 180 157 108
49 68 203 103 74
58 59 167 119 95
99 80 262 134 84
28 76 246 102 82
65 60 184 105 87
87 62 190 134 100
69 58 164 122 98
83 57 164 105 85
35 77 240 108 85
94 75 229 146 102
36 64 241 104 76
67 67 186 152 105
12 57 205 111 91
24 76 258 106 84
63 63 234 124 93
48 50 211 105 83
48 53 181 116 97
57 74 219 135 102
28 73 244 127 86
74 63 201 136 91
22 55 199 151 93
85 53 166 101 94
101 72 226 149 105
33 62 204 152 93
81 65 212 106 87
65 49 149 110 84
26 54 165 114 79
42 50 163 120 90
66 68 252 103 80
93 60 202 103 89
87 76 210 136 85
84 50 172 106 83
106 78 195 125 89
21 64 209 108 80
50 76 176 121 91
40 65 187 123 93
76 70 208 116 85
65 65 202 102 96
96 77 221 104 75
91 60 171 146 103
68 57 217 145 94
22 59 229 140 108
62 58 200 147 101
37 77 268 159 105
44 77 235 139 99
77 78 254 155 105
20 70 244 153 97
106 62 179 144 98
36 73 184 102 94
82 52 212 123 78
72 68 192 147 99
65 80 235 126 82
38 67 199 128 81
64 48 174 111 83
40 61 202 121 96
63 67 233 138 91
18 71 203 135 103
94 72 215 114 102
78 66 197 150 106
42 64 234 104 96
101 51 182 122 81
69 53 208 125 82
23 61 189 107 83
92 49 197 138 103
46 78 215 116 95
42 51 185 113 87
42 71 216 158 93
48 51 172 153 96
84 79 215 101 83
74 56 199 119 90
41 65 161 149 92
60 77 242 116 86
46 64 210 146 102
76 79 213 131 84
63 49 222 106 76
105 78 218 114 88
38 67 240 134 95
30 50 149 110 89
36 51 200 108 83
78 69 208 152 98
105 49 162 109 91
39 62 221 111 86
37 70 256 143 103
70 62 224 148 104
76 50 181 110 87
73 75 177 133 83
75 57 176 115 101
33 70 211 152 107
92 70 234 136 101
36 72 215 105 72
89 48 195 118 79
62 48 196 149 97
23 58 187 160 111
35 58 189 119 88
59 49 177 139 94
21 64 226 150 109
67 60 173 101 90
80 61 186 142 99
51 77 231 137 105
47 74 201 141 105
65 63 235 126 82
107 71 195 150 107
103 77 249 111 85
107 76 208 124 95
83 66 223 133 99
36 49 167 100 94
31 74 246 146 98
49 54 179 135 105
60 56 188 106 86
66 75 243 154 102
61 80 189 135 89
84 77 193 152 108
73 80 215 140 95
79 49 191 153 100
104 48 200 157 100
102 71 176 151 105
38 63 200 128 97
18 50 202 105 78
78 48 202 129 102
38 70 214 101 87
68 49 156 134 101
39 63 196 115 93
92 66 219 130 100
74 63 201 110 92
96 67 203 143 99
25 69 213 132 89
104 48 184 117 85
61 59 226 125 87
50 52 228 116 85
63 78 207 151 103
106 70 191 144 103
103 56 173 108 81
51 69 175 150 99
28 69 190 110 81
80 50 209 158 95
13 67 200 120 86
67 75 221 119 97
88 71 196 159 104
55 68 192 129 95
88 68 208 116 90
47 63 214 123 90
22 53 203 129 95
86 51 181 151 110
25 58 196 118 90
68 62 209 140 100
27 48 213 120 93
43 80 206 101 77
52 61 200 139 99
32 55 190 123 87
27 80 226 106 76
81 63 204 117 88
78 72 214 146 90
110 53 157 117 94
89 70 187 152 93
50 57 190 128 89
76 78 213 125 79
46 76 234 156 103
81 54 203 117 87
33 57 212 136 88
42 61 210 149 111
21 78 218 154 97
104 59 207 125 101
102 50 200 157 104
102 67 188 136 105
100 80 215 102 82
104 68 200 138 101
62 59 213 142 101
56 60 211 131 96
96 77 216 130 87
95 66 209 108 86
51 59 154 127 93
76 72 176 152 89
84 76 225 138 99
105 50 205 108 82
75 53 188 127 105
48 48 208 127 84
67 48 206 107 91
68 61 215 142 106
82 63 213 124 80
101 80 196 138 92
77 65 218 155 93
72 79 201 145 99
97 62 206 116 80
36 59 204 158 100
21 70 216 159 101
14 59 226 104 83
108 79 213 160 110
91 49 168 101 75
56 75 190 136 93
109 74 202 131 107
97 49 209 148 108
60 65 211 155 103
65 50 205 111 100
104 69 209 113 86
87 49 176 116 94
55 53 199 124 100
60 53 226 124 82
94 57 224 145 103
100 65 189 110 80
93 54 189 129 103
101 56 186 151 109
51 80 229 159 108
75 67 217 160 112
26 55 181 101 91
31 64 185 100 83
73 68 243 116 92
27 56 213 154 106
56 80 227 136 99
86 77 224 158 106
35 75 199 158 88
47 60 180 132 97
87 62 167 118 88
27 58 221 131 98
78 54 180 149 98
13 73 165 140 87
74 64 206 116 102
26 61 160 120 87
97 66 220 104 83
40 57 210 133 102
19 73 247 117 95
104 77 203 115 89
13 72 207 143 83
97 61 172 152 93
23 58 208 103 96
100 48 168 112 95
64 58 186 136 101
48 52 172 136 111
110 57 164 150 114
21 69 196 160 100
50 72 172 142 98
80 52 184 118 92
57 72 234 155 104
56 67 238 105 82
96 77 222 160 111
37 54 182 142 85
46 76 227 102 79
81 57 216 133 88
92 53 216 127 98
72 77 268 145 103
12 74 238 157 99
61 80 228 102 91
38 50 201 106 98
65 61 180 136 85
24 49 187 114 83
97 64 184 102 83
29 58 196 115 92
95 53 202 102 82
44 66 195 131 99
24 79 244 117 84
57 59 225 113 97
23 62 230 141 101
67 57 182 146 103
101 55 170 109 80
89 57 186 146 91
39 69 248 126 104
55 70 222 104 87
80 64 153 150 96
73 59 201 134 89
98 67 215 133 102
85 64 223 102 81
45 52 207 101 78
41 61 173 102 87
24 76 241 151 101
15 76 226 119 86
106 74 235 124 95
40 58 228 155 109
108 50 214 105 81
83 62 170 112 81
46 69 190 122 97
65 73 196 140 107
98 78 262 141 103
54 53 184 142 86
49 51 149 146 102
81 60 178 151 103
54 55 169 116 98
110 78 219 103 86
40 78 248 109 91
98 68 212 115 93
24 78 230 118 87
90 59 209 153 106
28 75 224 106 81
57 52 199 134 95
82 49 144 142 98
50 58 179 105 88
25 49 189 159 93
89 72 239 124 91
22 69 185 141 90
83 50 192 115 80
45 79 255 160 104
13 80 265 150 102
55 60 204 128 90
30 57 200 103 76
37 67 246 104 83
35 74 208 113 88
90 73 232 157 92
54 75 216 129 97
35 69 221 160 102
89 63 210 116 87
103 52 174 110 98
96 65 183 118 81
18 49 192 111 80
109 57 197 157 103
27 78 182 134 93
81 65 196 120 78
12 65 179 151 107
71 80 190 133 107
74 49 171 121 78
54 66 228 151 98
79 76 265 122 89
52 58 233 108 81
63 74 188 110 98
93 59 197 140 92
110 64 228 100 87
47 50 169 132 85
14 48 201 114 91
101 68 237 105 88
104 67 237 122 99
110 70 206 100 84
65 75 209 110 97
72 79 257 121 87
27 78 226 128 96
106 74 198 106 85
77 71 208 147 95
82 63 175 118 94
63 51 199 102 81
53 51 146 105 90
51 62 235 112 78
35 51 195 141 90
77 60 181 157 95
49 80 176 158 113
76 78 218 152 95
43 76 214 107 76
65 62 171 117 91
75 59 179 108 91
30 74 236 158 105
109 62 180 143 101
61 72 213 155 87
63 56 222 126 96
58 66 209 118 90
64 63 233 125 92
98 59 219 158 98
102 63 226 122 90
101 50 224 136 98
60 59 198 117 84
78 75 203 135 91
89 68 205 106 80
89 53 189 114 98
90 77 219 155 114
69 72 263 103 75
40 80 182 117 93
76 62 192 108 87
89 79 250 131 93
45 73 201 120 100
90 55 158 138 96
103 74 179 146 104
31 68 187 108 81
82 52 177 102 79
32 65 177 102 76
90 79 214 119 92
106 59 205 158 101
85 56 202 158 118
70 66 216 146 97
56 51 186 146 96
53 60 200 118 94
21 63 195 126 102
17 61 233 160 117
73 59 228 155 105
32 68 223 159 98
57 62 196 120 96
18 65 231 147 98
44 67 209 108 92
93 54 215 140 103
107 64 200 135 82
84 69 188 148 90
75 57 149 141 102
83 77 210 151 94
12 51 186 150 107
78 62 203 105 80
52 53 177 156 99
28 64 210 150 94
37 53 160 121 89
42 61 194 113 81
62 62 228 107 84
66 65 182 113 98
31 48 191 123 80
65 62 181 117 99
94 51 192 110 90
52 59 197 104 89
53 56 170 152 101
108 50 150 131 99
48 50 192 147 89
72 54 225 118 91
39 62 200 141 89
107 68 224 118 90
19 69 205 143 98
22 51 168 123 86
48 75 217 114 84
42 59 184 158 99
101 60 221 143 106
14 72 184 132 99
89 72 173 123 90
22 48 179 106 90
51 75 233 118 83
14 54 183 102 84
13 58 218 136 97
31 73 184 103 79
59 51 203 127 98
88 51 218 134 97
77 74 217 136 96
42 72 239 144 91
103 69 235 113 101
78 68 210 120 85
109 71 194 100 89
106 80 190 106 89
106 48 208 150 89
51 60 221 141 89
104 75 251 107 86
17 67 213 114 86
70 59 166 153 95
82 58 194 153 111
77 57 182 156 105
64 61 182 124 95
27 79 205 126 95
101 59 189 125 103
56 51 147 142 97
98 68 223 150 104
41 79 254 110 85
58 71 172 160 112
62 68 213 125 85
102 79 227 122 96
33 69 220 130 98
106 74 198 108 94
93 60 230 140 89
55 75 218 110 82
109 53 167 112 86
64 75 230 118 93
87 65 214 160 111
62 59 183 106 94
85 56 191 119 100
25 74 237 131 99
31 60 176 107 89
54 53 184 154 100
23 56 148 133 101
42 60 186 112 93
17 57 204 138 101
68 79 230 120 90
98 56 229 125 90
50 75 251 147 87
109 63 187 131 107
16 80 225 143 99
15 48 185 123 90
106 76 229 128 90
39 68 186 147 95
37 78 229 115 101
30 78 228 139 100
44 73 210 134 93
12 52 191 103 83
105 76 224 137 92
48 77 225 120 86
78 63 208 160 96
93 78 254 150 88
73 69 215 143 88
19 61 192 152 107
109 75 175 116 99
101 60 199 140 94
13 74 200 131 92
76 77 210 101 84
19 69 201 137 93
53 76 261 138 101
12 70 226 128 92
35 60 232 147 97
45 67 206 121 86
70 55 177 119 93
87 51 158 106 86
107 62 169 125 87
76 53 195 120 87
33 55 146 153 102
91 70 194 132 83
102 69 186 100 87
16 51 150 128 84
76 75 184 100 79
90 76 175 104 91
68 64 186 114 89
110 48 191 123 104
16 63 228 109 81
45 50 192 157 93
74 80 216 130 96
46 67 214 106 89
23 60 178 154 97
97 66 203 104 81
43 79 212 104 86
93 72 223 137 111
21 64 207 121 86
42 66 209 113 98
88 68 206 106 83
103 78 273 104 80
28 75 218 146 111
92 60 179 155 111
78 58 174 128 95
105 63 177 124 91
100 80 246 109 88
110 75 176 153 91
44 79 234 156 101
51 63 224 124 85
42 68 173 108 78
51 64 200 159 104
38 72 221 127 84
61 48 202 159 105
96 78 262 144 90
40 72 187 138 100
64 56 229 117 96
88 54 200 134 96
45 63 224 101 82
30 48 167 113 94
107 69 205 131 88
71 53 182 150 112
20 57 180 148 91
24 48 212 141 90
29 54 201 101 89
59 72 215 133 97
48 51 180 142 95
87 59 208 151 107
29 79 226 101 83
101 77 227 128 85
31 58 187 121 79
107 66 205 137 98
16 79 235 133 94
85 79 187 142 94
99 49 187 155 103
62 72 211 155 89
101 74 176 101 77
107 50 203 113 89
29 62 182 113 96
35 52 196 145 92
79 72 210 107 82
79 68 205 143 94
53 59 208 120 81
101 70 214 151 95
83 70 172 149 101
61 71 203 110 88
92 70 180 114 80
15 60 196 120 93
54 78 204 144 98
63 59 204 105 76
102 51 182 120 87
89 50 163 155 98
55 72 236 146 105
26 60 170 124 85
68 75 209 160 99
85 64 189 122 80
78 60 205 127 88
26 80 218 146 96
26 63 211 111 86
56 58 181 143 104
91 60 184 131 83
72 63 214 119 83
56 72 247 101 75
67 79 192 138 91
110 69 211 154 99
53 60 214 142 101
14 67 203 129 101
51 56 203 100 91
31 52 179 115 88
42 64 218 157 99
25 72 203 130 88
38 50 157 158 104
26 69 182 137 94
105 49 196 123 92
70 73 188 156 110
105 73 191 154 91
34 60 154 127 94
23 73 195 148 97
34 52 199 106 87
87 52 180 121 102
63 80 217 102 85
23 59 208 106 73
24 56 169 116 94
57 51 166 126 85
89 60 190 154 103
53 53 192 138 107
37 50 142 150 91
46 80 247 109 78
55 62 161 119 97
107 57 163 144 101
66 56 176 134 100
59 55 155 100 81
46 63 192 157 108
40 80 239 156 101
102 58 168 119 101
57 54 156 153 101
13 64 204 134 92
48 69 199 110 88
62 49 143 132 88
90 73 224 121 102
19 65 190 133 90
23 71 215 104 83
91 77 190 143 90
15 79 194 104 84
76 59 197 136 89
21 64 225 116 92
78 68 173 113 95
71 75 250 153 97
73 63 186 143 97
108 55 168 140 88
98 61 201 124 88
14 69 197 124 87
53 58 191 149 96
64 51 175 102 90
27 56 176 115 88
55 60 172 129 96
108 48 176 106 91
101 76 215 110 77
32 73 196 120 92
21 57 174 132 103
21 62 214 121 79
103 71 243 133 93
61 59 164 117 95
76 76 196 160 92
46 54 172 136 98
44 78 217 119 102
98 70 186 136 98
108 70 204 153 101
94 75 199 159 118
101 80 190 136 88
45 72 194 110 82
55 76 220 122 88
76 70 238 135 100
110 51 149 154 94
65 80 258 105 89
22 70 226 137 105
13 61 182 121 91
57 59 184 146 104
57 75 229 154 99
21 71 222 113 84
32 49 188 120 103
79 72 219 126 96
68 70 213 127 92
29 73 223 154 112
15 58 200 158 115
59 80 257 140 104
80 63 203 116 89
98 60 236 112 98
100 62 181 131 97
20 52 223 113 78
29 57 179 136 100
91 60 161 135 108
76 55 190 156 91
62 54 160 114 87
95 66 210 155 103
33 76 234 135 94
107 80 239 108 93
93 68 249 115 89
39 53 196 147 105
64 62 192 105 76
61 77 206 143 97
91 70 222 133 88
71 65 202 118 82
25 61 193 124 89
40 80 198 118 96
45 52 181 156 106
78 73 196 106 85
88 52 174 109 88
84 65 228 103 80
110 69 212 147 109
15 57 177 131 100
93 69 204 100 83
28 54 185 104 82
101 64 194 126 87
69 60 185 130 87
47 78 247 119 96
26 70 188 160 101
51 66 171 135 96
72 63 194 112 87
50 52 175 140 87
15 72 245 140 90
13 66 171 144 101
52 58 173 133 103
110 62 188 138 101
41 80 202 143 110
41 79 222 129 88
61 76 214 151 97
13 50 205 137 98
48 60 218 119 87
74 51 166 156 107
49 51 186 150 100
62 48 159 145 100
14 50 190 124 93
80 80 225 118 88
16 68 192 139 93
53 52 182 140 104
79 51 154 154 93
90 48 201 112 91
25 53 159 155 101
68 78 246 116 97
47 57 230 108 81
25 56 200 141 101
29 53 175 107 82
56 60 184 151 104
110 53 175 105 91
47 48 215 159 89
98 64 225 128 96
76 77 184 124 87
58 75 186 148 96
56 73 192 103 86
71 64 202 155 108
69 57 214 141 92
14 62 188 127 98
69 74 218 137 85
42 63 207 143 99
92 63 221 136 95
46 74 180 116 91
106 49 198 123 84
93 76 210 133 93
81 56 171 106 85
85 53 178 118 78
46 48 168 137 99
51 80 205 129 86
20 70 233 130 90
91 77 200 120 95
46 77 211 134 96
32 57 175 131 92
55 56 170 123 78
68 48 196 115 86
70 76 242 145 93
18 52 199 147 95
24 67 172 128 93
68 76 184 143 99
80 62 182 159 105
93 78 216 120 90
22 68 204 112 98
20 72 225 148 96
39 64 220 154 96
22 67 230 110 84
58 52 209 124 99
69 54 204 129 95
105 50 212 142 90
102 55 160 112 90
64 48 185 118 93
38 59 188 129 89
77 61 158 159 102
87 51 158 111 89
26 54 180 146 87
108 60 215 145 95
59 76 205 122 83
21 51 216 149 101
64 70 246 102 85
81 73 240 102 84
94 55 222 104 76
53 54 198 152 104
92 53 225 123 96
33 78 219 149 98
36 72 193 102 81
84 51 159 120 88
109 55 174 130 101
47 70 210 130 86
109 70 182 122 97
45 53 158 157 105
67 80 204 155 91
31 65 221 150 112
63 79 212 100 81
17 69 206 138 99
84 75 235 121 86
47 69 220 141 89
81 72 217 131 85
105 49 176 102 93
22 51 194 151 103
89 77 225 113 98
16 73 216 105 88
38 56 198 150 92
75 59 187 131 91
45 60 214 153 110
108 60 181 108 93
15 54 184 124 99
17 61 209 156 100
48 66 241 124 97
54 73 176 117 82
108 55 214 139 100
23 58 179 122 91
15 80 193 160 97
48 59 193 157 92
106 52 183 115 85
32 52 179 157 104
57 49 211 151 100
66 62 158 148 101
47 77 262 109 91
39 72 226 106 83
15 64 223 105 92
95 66 251 119 92
62 63 201 124 93
18 75 232 117 99
100 71 214 122 99
84 76 219 145 103
59 71 201 116 90
16 78 246 157 108
30 73 213 113 79
84 63 196 154 100
92 75 184 144 85
19 77 193 125 83
46 61 214 120 91
17 80 266 137 101
31 69 241 130 93
72 61 200 158 96
45 60 214 115 88
50 67 242 134 97
49 74 181 145 104
33 68 209 129 85
91 51 186 117 87
70 52 177 104 94
48 54 184 116 89
95 63 233 123 92
87 80 190 160 104
