72 53 207 133 87
67 57 178 152 98
50 52 202 147 96
76 70 208 131 83
35 76 234 154 97
60 74 197 118 101
107 73 217 131 97
14 50 159 125 105
49 54 202 131 94
80 57 194 157 113
17 63 183 118 84
52 58 216 103 87
22 79 210 120 95
58 70 198 151 92
77 80 220 138 87
19 70 183 105 84
90 79 217 127 93
87 62 170 116 96
77 52 184 139 109
41 52 176 118 84
84 76 229 106 88
24 76 185 111 87
89 49 156 144 97
106 66 195 103 78
70 75 240 117 85
47 79 181 113 91
52 70 192 107 86
103 78 223 137 104
18 57 204 134 97
99 54 189 126 90
28 61 225 104 79
25 68 195 160 112
49 51 175 106 87
94 56 202 117 101
22 62 185 109 89
34 49 208 147 89
71 72 236 134 95
22 60 178 128 87
66 51 165 120 98
18 80 204 160 118
20 54 182 141 98
77 75 247 139 101
20 70 209 108 79
30 78 200 126 98
23 77 271 148 109
105 71 176 138 89
71 62 227 143 94
24 69 170 143 96
52 66 212 153 100
14 74 174 138 99
21 69 202 135 93
100 54 169 119 88
82 50 205 131 84
85 59 215 117 99
94 65 200 156 91
15 55 174 108 84
52 62 195 156 104
28 71 191 137 92
14 62 242 154 91
31 74 197 103 93
37 54 219 110 79
77 66 191 103 82
59 50 193 138 96
36 49 176 146 91
83 59 193 134 89
107 78 193 113 87
78 64 168 117 82
57 75 175 132 100
79 48 167 140 108
41 69 182 103 81
50 59 156 107 94
66 49 175 117 84
99 54 182 105 90
71 50 192 138 86
82 72 219 133 96
30 57 198 116 83
23 60 211 133 99
31 57 216 133 91
37 69 165 127 82
83 73 248 137 107
59 61 169 106 78
55 54 189 138 101
40 64 214 103 96
107 69 209 105 80
24 48 164 101 82
107 63 192 140 87
51 54 201 100 90
60 68 238 152 99
61 71 189 111 84
68 69 225 109 82
87 70 231 112 85
49 79 203 148 103
91 77 193 125 85
13 59 212 107 79
66 48 165 100 84
78 53 224 113 93
53 55 207 148 97
73 70 238 142 91
91 77 259 113 78
107 48 162 115 83
58 76 218 124 87
43 51 169 159 103
77 70 244 120 87
78 57 179 136 89
88 49 181 109 95
102 52 197 148 106
81 52 143 119 85
44 66 250 135 98
70 79 235 147 89
62 63 183 133 102
40 73 170 122 91
17 72 253 143 94
96 80 243 123 96
95 63 219 108 82
28 53 174 116 80
42 54 218 137 89
95 69 169 101 75
79 73 210 102 85
14 60 199 121 91
53 49 202 138 106
70 79 200 118 91
106 63 212 135 109
49 78 227 110 100
56 49 195 115 83
73 55 161 120 87
97 76 237 102 89
39 51 194 157 92
84 75 202 109 85
18 79 194 149 90
65 50 189 129 85
34 51 192 155 87
30 70 204 153 105
54 78 191 115 93
29 62 223 153 97
108 72 245 140 112
81 63 158 146 92
36 65 184 117 85
80 64 203 146 103
14 79 219 137 93
24 77 235 156 91
70 59 215 160 90
67 61 188 137 99
104 73 251 107 82
102 50 185 134 107
56 59 184 127 96
77 68 205 137 90
47 61 181 113 91
50 79 183 152 100
37 78 207 127 95
90 64 195 109 89
16 59 232 109 92
26 68 199 116 81
51 61 211 108 92
110 76 190 100 83
80 70 244 149 110
14 68 204 128 91
59 50 186 102 81
93 63 208 160 89
62 74 267 140 98
105 79 224 127 85
48 55 153 141 105
45 66 241 108 86
28 65 223 120 95
107 67 229 123 87
19 76 189 117 95
61 70 217 123 80
18 69 180 133 105
62 61 204 137 98
78 65 213 108 87
88 58 206 106 97
52 51 175 108 94
43 59 202 118 89
87 62 197 122 86
43 69 247 147 101
14 80 211 122 81
67 48 183 115 100
48 56 190 138 99
20 74 169 120 95
25 72 211 130 87
47 58 222 125 98
105 51 196 125 97
32 63 158 141 98
84 52 197 127 97
92 80 233 126 90
95 64 202 123 87
64 56 165 136 104
34 55 201 117 92
49 50 208 131 94
58 59 219 117 79
67 48 152 111 79
91 51 159 138 86
41 70 207 128 89
30 65 218 109 86
69 66 212 120 85
104 56 217 160 104
54 67 239 101 88
78 65 177 159 106
45 48 187 153 115
69 56 185 155 105
44 48 200 140 97
90 61 159 157 101
105 57 201 145 100
15 70 225 101 85
76 75 166 157 99
92 75 219 110 86
49 50 202 146 112
28 79 236 113 78
91 77 199 124 92
25 59 206 104 82
36 60 192 156 106
59 64 236 158 89
34 72 171 120 89
90 61 193 130 96
94 49 158 109 87
12 71 228 128 103
62 59 198 128 96
94 77 217 106 80
72 80 231 103 82
53 50 163 154 97
97 50 193 149 102
27 79 202 108 93
84 52 153 121 102
45 58 200 135 95
73 58 211 129 91
29 49 222 132 106
15 53 167 102 82
54 77 227 120 105
84 48 184 121 89
99 69 228 105 81
99 68 210 107 87
59 80 273 112 90
33 63 166 112 97
47 72 219 102 83
45 53 185 139 84
53 54 147 147 91
98 50 176 104 97
62 50 189 140 101
29 57 227 129 101
105 72 248 106 89
70 72 203 105 76
104 50 210 110 97
84 80 209 124 93
15 69 208 129 91
95 62 217 105 91
18 63 187 146 96
81 71 240 116 98
72 56 216 153 111
28 64 199 128 82
108 49 138 159 107
65 78 241 149 88
101 75 211 102 77
34 74 215 148 107
71 60 194 158 107
84 80 206 145 101
21 76 212 130 96
26 51 193 123 99
67 54 194 156 117
93 73 207 122 96
13 72 226 151 105
69 68 200 138 95
84 50 208 156 99
83 54 158 139 108
78 76 242 116 84
101 65 219 143 105
105 52 148 107 97
13 53 168 114 91
108 48 177 110 80
41 77 187 147 91
100 50 181 131 86
94 72 181 151 106
107 53 178 101 73
33 80 244 136 97
100 60 229 133 96
13 78 228 137 98
27 59 218 117 83
37 63 214 149 113
90 72 216 110 91
63 53 158 158 117
32 68 211 116 96
31 78 250 152 106
41 52 184 156 102
91 51 214 156 89
57 69 219 120 93
35 59 178 134 102
75 78 213 103 80
37 54 213 137 96
74 70 184 152 107
31 62 228 113 95
89 65 204 119 96
23 63 180 123 88
105 48 151 134 102
61 61 209 119 81
16 73 240 104 74
34 69 182 130 106
30 55 174 138 100
77 66 191 120 89
13 50 198 112 99
103 78 215 109 96
26 65 208 120 86
14 63 209 117 99
30 50 175 113 77
85 49 180 123 88
56 65 175 107 84
100 52 154 127 88
43 75 244 138 97
110 55 180 148 107
93 70 212 150 105
49 65 159 147 100
39 74 206 120 86
101 62 197 137 94
64 50 162 128 97
96 54 181 103 85
93 65 217 111 84
33 51 198 104 87
46 71 163 155 90
38 77 245 114 97
61 68 236 122 79
84 50 190 130 94
25 73 198 122 91
67 56 234 103 84
49 54 180 147 109
57 66 181 103 80
92 52 178 115 89
83 80 232 157 89
85 48 157 100 85
100 78 212 136 86
43 67 196 125 86
40 70 172 117 100
91 63 188 118 94
89 76 200 150 102
22 76 207 141 98
89 75 206 141 91
82 73 209 158 114
43 59 211 117 99
98 49 155 107 89
39 76 223 100 88
14 78 220 125 93
92 55 175 112 86
15 60 192 145 93
55 57 189 102 80
23 59 196 148 99
98 73 246 138 89
32 75 174 137 86
106 72 225 100 90
21 52 193 121 82
79 62 219 132 93
56 48 181 159 104
37 53 191 102 95
57 80 236 110 97
13 63 218 139 87
41 70 245 131 94
33 77 245 118 86
89 61 190 130 89
96 52 158 127 91
58 63 174 125 93
64 54 151 117 90
73 57 179 134 100
96 48 212 127 89
80 58 207 116 100
47 78 202 153 104
41 69 158 156 109
76 60 182 100 84
37 57 146 146 92
71 68 178 154 106
107 61 193 139 103
87 60 206 155 102
13 52 195 105 98
12 59 191 146 104
99 67 223 148 93
88 73 215 159 100
99 52 153 127 102
23 57 197 159 117
24 67 227 114 85
87 78 215 100 89
13 49 179 129 98
110 62 224 153 92
19 57 190 141 91
93 76 216 150 101
66 59 196 157 94
16 75 224 151 108
14 62 210 138 83
88 54 162 148 95
70 66 185 111 87
83 69 203 142 101
82 66 222 137 97
104 62 215 151 101
77 76 220 104 86
68 54 189 113 92
67 65 200 126 84
91 51 182 104 81
70 57 213 134 98
72 61 192 107 74
23 53 207 117 91
31 65 205 130 91
28 58 196 117 85
16 66 202 158 102
64 67 245 152 104
88 52 169 141 100
38 77 214 126 92
110 70 209 128 100
27 65 230 113 75
94 64 169 138 96
94 62 204 147 102
15 75 192 117 100
99 61 177 112 94
33 55 211 100 82
56 67 208 103 84
97 52 194 135 89
43 65 167 159 106
109 58 184 149 101
14 49 138 155 110
20 58 197 117 82
49 48 148 147 106
84 69 193 150 110
100 62 219 156 97
51 74 206 114 96
38 62 203 107 85
81 64 189 144 103
62 76 244 107 94
20 79 271 116 92
88 65 243 102 88
19 59 199 141 100
63 66 205 101 88
85 61 183 126 91
13 61 233 132 92
84 56 167 142 98
38 77 245 111 74
85 55 155 128 86
77 56 218 152 96
50 57 195 100 75
94 76 221 142 95
37 70 198 122 84
19 72 239 100 87
39 55 164 114 85
14 58 211 108 89
95 49 148 130 98
83 49 172 141 110
26 53 181 126 81
54 48 180 119 79
74 49 182 135 90
92 77 221 157 106
31 48 182 127 92
58 73 199 132 91
81 76 184 113 94
30 64 170 108 98
35 64 170 151 98
55 48 157 120 92
74 66 191 115 87
90 78 221 137 100
49 76 222 106 93
74 54 191 137 93
92 80 237 105 97
40 59 191 130 87
74 55 201 151 99
63 51 194 132 104
57 52 210 137 108
110 63 188 142 106
106 57 208 152 89
102 54 174 121 87
77 72 202 147 100
82 48 161 157 113
71 50 159 128 90
108 76 250 111 89
64 66 219 125 89
31 68 216 126 91
91 80 216 108 75
75 52 181 102 83
33 78 232 126 87
92 68 225 153 112
21 52 212 103 88
74 79 253 132 90
75 68 193 133 96
29 72 228 141 95
90 51 215 124 97
36 75 217 150 111
20 64 195 127 94
31 62 184 143 107
79 56 171 115 86
37 61 196 104 88
43 48 196 125 96
55 73 242 136 90
67 50 172 138 98
20 72 244 105 91
60 72 182 113 91
58 50 176 154 100
28 80 230 124 81
74 68 244 107 80
110 75 229 111 90
15 59 226 157 99
78 51 171 138 85
103 51 189 121 100
99 79 217 141 98
100 64 225 139 88
48 63 223 133 103
75 57 180 133 85
47 74 200 157 99
74 68 233 150 100
64 70 204 136 93
105 79 203 118 102
56 56 186 110 87
45 53 171 109 88
92 73 193 139 86
42 70 189 114 91
77 55 172 154 98
50 62 203 122 88
33 63 175 111 87
68 73 228 120 86
19 51 186 156 101
80 65 212 104 88
40 69 197 143 98
86 75 228 143 95
84 74 229 160 98
110 72 195 114 82
42 71 228 111 86
30 63 194 140 100
69 79 215 153 102
24 55 190 115 76
20 79 193 104 85
68 69 226 141 92
52 54 149 131 95
100 48 196 116 88
54 55 210 116 98
93 62 214 124 79
46 56 201 157 97
90 50 199 133 99
76 67 219 156 106
98 79 240 120 85
78 51 181 101 88
39 77 195 149 95
19 58 237 152 102
58 59 195 116 89
60 55 163 119 91
94 71 234 151 91
28 55 210 119 97
37 74 214 129 88
67 52 177 103 96
92 71 180 131 104
33 59 171 133 93
56 55 228 158 100
100 61 157 125 97
53 67 225 126 94
59 76 217 116 91
41 72 203 133 102
101 62 225 105 82
49 58 201 127 90
12 77 263 156 98
16 80 218 159 105
39 67 213 123 104
56 80 247 138 99
64 70 215 122 87
35 63 208 139 96
13 60 181 105 85
91 49 195 122 99
60 65 229 102 82
106 57 189 114 92
30 64 209 130 87
18 75 220 101 85
55 78 274 102 87
62 55 198 146 102
80 73 208 101 84
86 54 183 153 111
39 79 226 152 107
41 74 183 119 96
95 66 211 151 94
57 73 194 118 76
62 70 228 128 103
79 51 148 111 80
78 75 194 103 93
65 62 212 145 112
97 78 215 141 89
68 67 210 158 102
68 48 172 148 104
74 59 202 101 90
76 56 163 125 98
37 65 172 120 88
88 68 213 146 95
83 67 192 134 85
70 63 164 152 106
97 65 220 132 83
59 60 238 107 87
42 57 193 114 95
74 57 192 149 110
76 53 167 117 90
36 72 226 106 74
98 75 255 147 95
20 77 190 125 94
62 64 212 152 114
13 49 193 153 110
56 60 234 130 89
109 51 168 124 98
15 66 202 114 88
28 79 238 132 91
62 67 224 135 94
107 64 231 125 90
50 58 207 133 101
46 53 195 104 90
37 58 187 143 106
40 54 158 126 98
62 58 177 157 90
70 73 244 135 95
94 62 188 143 97
28 53 189 129 99
98 48 163 113 94
46 73 211 136 109
48 61 218 109 84
69 77 216 123 91
20 56 209 148 109
22 64 198 158 104
71 66 234 156 95
35 68 184 135 82
39 55 203 152 98
62 72 209 114 99
105 52 167 130 103
64 67 251 135 88
19 80 208 115 88
22 75 223 133 92
61 64 252 137 93
67 60 183 142 94
78 62 240 138 102
34 59 179 102 80
60 52 182 119 89
80 70 205 110 96
57 53 148 119 79
65 59 196 145 103
29 48 195 128 97
103 64 204 112 87
31 60 164 149 97
42 79 240 139 105
52 72 233 155 102
41 69 233 113 87
28 64 181 100 86
87 65 198 145 109
85 79 217 118 85
65 64 210 152 102
90 49 166 154 113
66 48 179 111 88
78 58 192 120 91
75 74 257 111 80
77 67 178 105 87
81 76 200 143 102
55 80 229 107 91
20 58 151 101 90
107 75 192 103 83
105 50 202 103 83
61 55 219 155 99
67 78 216 140 105
102 59 208 108 97
67 54 156 123 95
110 66 196 102 87
53 75 198 147 98
106 51 169 147 86
84 74 194 100 73
89 58 214 117 90
92 53 204 123 94
67 58 200 148 90
48 61 222 141 104
84 67 220 149 101
28 58 225 151 96
70 54 194 135 92
75 56 193 142 99
55 68 202 105 81
38 76 217 105 86
101 73 236 111 89
14 80 220 131 98
42 67 199 116 85
79 54 165 105 81
104 57 158 103 85
97 55 184 118 91
107 56 201 141 99
34 55 204 104 92
20 51 195 108 84
58 58 195 117 95
23 57 158 159 111
37 79 261 147 89
47 48 186 132 98
13 61 192 104 90
19 71 196 125 99
38 76 251 123 87
68 48 205 137 94
90 52 185 136 91
82 74 259 111 91
60 58 205 153 104
45 64 241 115 101
103 77 224 106 81
56 50 158 105 92
48 58 228 112 81
72 56 180 124 100
56 58 163 105 88
99 57 234 107 95
26 80 237 120 93
91 63 174 147 100
97 48 139 110 85
48 74 212 158 98
77 79 217 154 110
100 63 219 111 96
86 73 216 149 99
26 58 200 140 94
38 72 210 105 86
101 73 194 129 93
38 69 190 123 92
44 76 227 129 99
60 50 182 159 115
24 74 214 123 92
14 75 233 121 97
20 67 197 160 115
24 53 210 103 91
98 78 213 123 92
82 80 213 116 88
89 66 244 102 76
96 60 179 155 91
88 64 206 160 104
109 62 186 112 95
38 52 169 137 98
89 58 204 125 99
53 72 162 145 95
106 73 185 102 87
54 58 189 133 99
54 55 208 100 95
97 65 188 159 104
43 53 162 119 86
108 63 190 158 111
107 52 185 147 106
96 59 183 141 94
53 74 254 131 99
38 62 201 124 94
16 59 179 111 90
109 64 208 156 113
89 79 250 101 75
76 54 191 136 93
94 74 257 123 94
51 76 222 115 85
98 76 201 101 81
41 68 214 110 91
34 56 198 139 107
18 76 207 104 82
22 68 203 110 81
44 68 243 132 101
79 55 188 146 105
95 66 190 155 88
49 49 165 138 84
28 49 158 125 98
102 72 209 120 96
56 63 190 144 108
74 54 211 107 86
43 62 220 159 102
91 60 212 129 92
105 58 177 102 90
79 65 179 120 104
103 55 168 157 96
80 75 172 140 86
17 70 199 113 87
15 61 184 130 100
63 62 219 127 106
38 63 206 102 95
56 50 182 119 87
102 55 196 155 114
45 52 202 130 102
50 60 241 115 100
62 72 244 118 91
43 59 188 119 94
34 73 214 106 91
42 50 144 103 78
47 55 213 126 100
81 59 179 126 97
69 72 235 120 88
29 62 193 114 88
46 76 246 160 93
58 80 243 104 95
54 53 187 158 100
81 58 210 138 85
62 68 197 118 90
96 64 216 152 88
50 77 194 117 82
42 75 184 149 98
50 63 233 123 89
21 55 188 136 99
75 56 146 130 96
42 61 237 123 100
42 64 235 159 100
29 76 205 107 86
65 59 203 158 105
47 79 218 153 114
103 66 182 122 95
96 64 179 136 82
78 70 165 125 103
65 80 202 104 80
43 61 205 140 101
76 60 203 116 91
61 55 177 127 105
54 75 204 143 98
87 76 260 124 100
98 71 214 145 83
17 74 230 143 106
16 73 252 103 77
38 56 201 115 103
24 69 174 100 86
74 57 168 111 98
94 77 203 153 86
27 80 218 105 92
87 55 163 155 92
69 64 158 147 102
64 77 227 146 99
94 60 221 125 88
103 80 236 142 101
15 80 238 128 100
23 52 183 102 85
54 73 218 115 89
59 54 186 100 91
93 66 243 118 78
99 61 212 146 90
68 59 192 103 77
65 59 212 152 106
23 65 214 148 94
58 67 175 160 113
17 69 196 106 95
50 78 239 156 97
73 67 221 132 99
17 61 223 129 91
15 60 217 119 77
14 67 198 153 88
101 58 174 116 87
21 75 180 141 91
75 77 247 128 100
105 60 198 121 99
76 53 172 126 94
53 70 193 136 85
73 53 222 118 84
35 75 176 136 93
24 61 185 136 96
57 76 249 136 104
21 73 234 157 103
86 70 170 142 107
34 63 189 142 99
80 66 194 159 108
29 69 188 147 109
44 61 222 157 93
64 52 177 141 89
23 70 215 117 78
50 74 225 148 101
93 67 249 101 79
57 52 176 153 98
58 74 228 106 83
23 73 167 108 83
92 68 241 113 93
12 64 204 124 83
74 70 230 124 80
92 49 161 134 87
100 75 207 145 111
66 51 177 152 102
86 67 191 125 91
89 54 202 109 85
103 65 176 130 100
79 79 185 118 91
81 73 198 152 107
14 51 189 125 89
62 60 163 140 106
69 74 208 126 95
13 56 172 152 110
108 62 188 117 86
31 48 166 147 94
64 72 233 153 108
26 51 159 112 98
66 76 233 132 108
54 61 198 101 88
45 72 208 127 105
85 80 264 159 101
83 65 197 160 104
67 76 256 142 97
56 51 161 134 102
75 51 182 144 95
57 75 205 132 95
58 64 209 135 84
97 71 226 140 97
24 80 206 136 102
23 80 232 154 94
35 72 247 148 101
61 56 220 112 85
98 57 207 141 96
18 64 186 150 103
109 59 170 158 113
15 53 219 160 102
55 52 178 103 91
87 73 232 156 102
54 78 264 137 88
38 64 218 124 97
40 61 221 106 90
84 72 182 137 90
42 63 242 127 94
56 73 170 135 85
71 67 204 120 93
25 57 227 134 105
75 73 216 114 83
82 57 221 158 109
71 55 192 140 102
30 54 187 130 93
16 64 219 155 105
89 60 214 130 94
30 54 198 120 83
36 75 248 109 95
107 66 238 138 94
107 77 196 152 101
99 73 225 102 80
65 67 195 101 92
23 48 160 154 97
82 60 210 129 100
26 58 209 144 94
34 53 183 111 79
52 75 204 139 103
68 54 151 108 94
97 67 226 121 82
87 67 218 128 94
17 57 180 154 97
35 76 187 147 105
110 62 168 127 96
18 74 199 112 85
12 72 215 119 89
97 52 142 118 77
87 57 194 123 84
40 57 181 147 108
43 65 234 160 115
27 65 224 129 86
27 73 221 105 90
70 79 215 137 102
22 72 192 107 88
102 59 219 132 102
53 73 228 110 82
65 61 199 124 91
99 57 186 103 93
96 73 231 154 97
65 80 255 108 89
36 72 227 150 94
79 73 232 116 81
52 63 175 108 93
105 69 216 116 84
110 69 177 106 94
57 68 193 127 105
65 79 201 135 92
20 61 214 131 89
77 72 233 150 89
44 50 177 131 88
46 79 207 122 97
60 76 194 154 98
25 74 198 117 79
49 55 188 111 91
62 66 213 124 96
107 78 232 111 90
39 79 197 144 95
55 64 205 145 96
44 63 199 150 94
37 60 205 147 104
26 60 244 126 85
38 56 166 136 103
51 54 170 123 93
21 56 206 101 91
63 51 177 136 100
105 53 186 112 89
82 75 217 159 113
83 69 230 151 97
34 68 160 127 97
51 56 171 141 95
65 50 224 157 100
76 49 191 141 93
84 67 210 108 85
35 50 193 150 107
75 59 212 113 84
92 73 249 142 90
28 67 173 102 88
108 57 164 135 94
12 58 162 153 101
86 67 190 103 83
66 80 254 155 102
74 61 203 114 88
96 55 208 122 94
15 64 190 136 98
14 52 180 129 103
49 67 194 102 89
77 61 207 115 79
32 53 196 137 103
73 53 175 149 100
38 61 169 119 87
34 71 180 122 89
92 53 209 112 83
38 67 202 149 104
89 57 203 127 100
14 63 186 122 86
110 71 215 115 90
26 65 213 123 86
79 49 207 152 104
96 63 230 155 112
35 58 186 152 101
37 53 168 119 99
42 77 185 143 96
104 67 183 133 85
101 50 195 125 96
21 71 216 109 91
100 58 207 148 102
20 58 188 138 101
108 67 224 140 100
27 66 212 141 102
90 72 184 153 88
